9.997913370276019229e-01 1.578318298970633185e-03 -2.036642619379407104e-02 -8.901740000000000000e-03 -1.019778333341974296e-03 9.996238691431097445e-01 2.740584411234222098e-02 -2.690090000000000016e-03 2.040202089771925298e-02 -2.737935628728862050e-02 9.994168941900986036e-01 5.365529999999999466e-01
9.997913370276019229e-01 1.578318298970633185e-03 -2.036642619379407104e-02 -8.901740000000000000e-03 -1.019778333341974296e-03 9.996238691431097445e-01 2.740584411234222098e-02 -2.690090000000000016e-03 2.040202089771925298e-02 -2.737935628728862050e-02 9.994168941900986036e-01 5.365529999999999466e-01
9.997913370276019229e-01 1.578318298970633185e-03 -2.036642619379407104e-02 -8.901740000000000000e-03 -1.019778333341974296e-03 9.996238691431097445e-01 2.740584411234222098e-02 -2.690090000000000016e-03 2.040202089771925298e-02 -2.737935628728862050e-02 9.994168941900986036e-01 5.365529999999999466e-01
9.997913370276019229e-01 1.578318298970633185e-03 -2.036642619379407104e-02 -8.901740000000000000e-03 -1.019778333341974296e-03 9.996238691431097445e-01 2.740584411234222098e-02 -2.690090000000000016e-03 2.040202089771925298e-02 -2.737935628728862050e-02 9.994168941900986036e-01 5.365529999999999466e-01
9.997913370276019229e-01 1.578318298970633185e-03 -2.036642619379407104e-02 -8.901740000000000000e-03 -1.019778333341974296e-03 9.996238691431097445e-01 2.740584411234222098e-02 -2.690090000000000016e-03 2.040202089771925298e-02 -2.737935628728862050e-02 9.994168941900986036e-01 5.365529999999999466e-01
9.997913370276019229e-01 1.578318298970633185e-03 -2.036642619379407104e-02 -8.901740000000000000e-03 -1.019778333341974296e-03 9.996238691431097445e-01 2.740584411234222098e-02 -2.690090000000000016e-03 2.040202089771925298e-02 -2.737935628728862050e-02 9.994168941900986036e-01 5.365529999999999466e-01
9.997913370276019229e-01 1.578318298970633185e-03 -2.036642619379407104e-02 -8.901740000000000000e-03 -1.019778333341974296e-03 9.996238691431097445e-01 2.740584411234222098e-02 -2.690090000000000016e-03 2.040202089771925298e-02 -2.737935628728862050e-02 9.994168941900986036e-01 5.365529999999999466e-01
9.997913370276019229e-01 1.578318298970633185e-03 -2.036642619379407104e-02 -8.901740000000000000e-03 -1.019778333341974296e-03 9.996238691431097445e-01 2.740584411234222098e-02 -2.690090000000000016e-03 2.040202089771925298e-02 -2.737935628728862050e-02 9.994168941900986036e-01 5.365529999999999466e-01
9.997913370276019229e-01 1.578318298970633185e-03 -2.036642619379407104e-02 -8.901740000000000000e-03 -1.019778333341974296e-03 9.996238691431097445e-01 2.740584411234222098e-02 -2.690090000000000016e-03 2.040202089771925298e-02 -2.737935628728862050e-02 9.994168941900986036e-01 5.365529999999999466e-01
9.997913370276019229e-01 1.578318298970633185e-03 -2.036642619379407104e-02 -8.901740000000000000e-03 -1.019778333341974296e-03 9.996238691431097445e-01 2.740584411234222098e-02 -2.690090000000000016e-03 2.040202089771925298e-02 -2.737935628728862050e-02 9.994168941900986036e-01 5.365529999999999466e-01
9.997913370276019229e-01 1.578318298970633185e-03 -2.036642619379407104e-02 -8.901740000000000000e-03 -1.019778333341974296e-03 9.996238691431097445e-01 2.740584411234222098e-02 -2.690090000000000016e-03 2.040202089771925298e-02 -2.737935628728862050e-02 9.994168941900986036e-01 5.365529999999999466e-01
9.997913370276019229e-01 1.578318298970633185e-03 -2.036642619379407104e-02 -8.901740000000000000e-03 -1.019778333341974296e-03 9.996238691431097445e-01 2.740584411234222098e-02 -2.690090000000000016e-03 2.040202089771925298e-02 -2.737935628728862050e-02 9.994168941900986036e-01 5.365529999999999466e-01
9.997913370276019229e-01 1.578318298970633185e-03 -2.036642619379407104e-02 -8.901740000000000000e-03 -1.019778333341974296e-03 9.996238691431097445e-01 2.740584411234222098e-02 -2.690090000000000016e-03 2.040202089771925298e-02 -2.737935628728862050e-02 9.994168941900986036e-01 5.365529999999999466e-01
9.997913370276019229e-01 1.578318298970633185e-03 -2.036642619379407104e-02 -8.901740000000000000e-03 -1.019778333341974296e-03 9.996238691431097445e-01 2.740584411234222098e-02 -2.690090000000000016e-03 2.040202089771925298e-02 -2.737935628728862050e-02 9.994168941900986036e-01 5.365529999999999466e-01
9.997913370276019229e-01 1.578318298970633185e-03 -2.036642619379407104e-02 -8.901740000000000000e-03 -1.019778333341974296e-03 9.996238691431097445e-01 2.740584411234222098e-02 -2.690090000000000016e-03 2.040202089771925298e-02 -2.737935628728862050e-02 9.994168941900986036e-01 5.365529999999999466e-01
9.997913370276019229e-01 1.578318298970633185e-03 -2.036642619379407104e-02 -8.901740000000000000e-03 -1.019778333341974296e-03 9.996238691431097445e-01 2.740584411234222098e-02 -2.690090000000000016e-03 2.040202089771925298e-02 -2.737935628728862050e-02 9.994168941900986036e-01 5.365529999999999466e-01
9.997913370276019229e-01 1.578318298970633185e-03 -2.036642619379407104e-02 -8.901740000000000000e-03 -1.019778333341974296e-03 9.996238691431097445e-01 2.740584411234222098e-02 -2.690090000000000016e-03 2.040202089771925298e-02 -2.737935628728862050e-02 9.994168941900986036e-01 5.365529999999999466e-01
9.997913370276019229e-01 1.578318298970633185e-03 -2.036642619379407104e-02 -8.901740000000000000e-03 -1.019778333341974296e-03 9.996238691431097445e-01 2.740584411234222098e-02 -2.690090000000000016e-03 2.040202089771925298e-02 -2.737935628728862050e-02 9.994168941900986036e-01 5.365529999999999466e-01
9.997913370276019229e-01 1.578318298970633185e-03 -2.036642619379407104e-02 -8.901740000000000000e-03 -1.019778333341974296e-03 9.996238691431097445e-01 2.740584411234222098e-02 -2.690090000000000016e-03 2.040202089771925298e-02 -2.737935628728862050e-02 9.994168941900986036e-01 5.365529999999999466e-01
9.997913370276019229e-01 1.578318298970633185e-03 -2.036642619379407104e-02 -8.901740000000000000e-03 -1.019778333341974296e-03 9.996238691431097445e-01 2.740584411234222098e-02 -2.690090000000000016e-03 2.040202089771925298e-02 -2.737935628728862050e-02 9.994168941900986036e-01 5.365529999999999466e-01
9.997913370276019229e-01 1.578318298970633185e-03 -2.036642619379407104e-02 -8.901740000000000000e-03 -1.019778333341974296e-03 9.996238691431097445e-01 2.740584411234222098e-02 -2.690090000000000016e-03 2.040202089771925298e-02 -2.737935628728862050e-02 9.994168941900986036e-01 5.365529999999999466e-01
9.997913370276019229e-01 1.578318298970633185e-03 -2.036642619379407104e-02 -8.901740000000000000e-03 -1.019778333341974296e-03 9.996238691431097445e-01 2.740584411234222098e-02 -2.690090000000000016e-03 2.040202089771925298e-02 -2.737935628728862050e-02 9.994168941900986036e-01 5.365529999999999466e-01
9.997913370276019229e-01 1.578318298970633185e-03 -2.036642619379407104e-02 -8.901740000000000000e-03 -1.019778333341974296e-03 9.996238691431097445e-01 2.740584411234222098e-02 -2.690090000000000016e-03 2.040202089771925298e-02 -2.737935628728862050e-02 9.994168941900986036e-01 5.365529999999999466e-01
9.997913370276019229e-01 1.578318298970633185e-03 -2.036642619379407104e-02 -8.901740000000000000e-03 -1.019778333341974296e-03 9.996238691431097445e-01 2.740584411234222098e-02 -2.690090000000000016e-03 2.040202089771925298e-02 -2.737935628728862050e-02 9.994168941900986036e-01 5.365529999999999466e-01
9.997913370276019229e-01 1.578318298970633185e-03 -2.036642619379407104e-02 -8.901740000000000000e-03 -1.019778333341974296e-03 9.996238691431097445e-01 2.740584411234222098e-02 -2.690090000000000016e-03 2.040202089771925298e-02 -2.737935628728862050e-02 9.994168941900986036e-01 5.365529999999999466e-01
9.997913370276019229e-01 1.578318298970633185e-03 -2.036642619379407104e-02 -8.901740000000000000e-03 -1.019778333341974296e-03 9.996238691431097445e-01 2.740584411234222098e-02 -2.690090000000000016e-03 2.040202089771925298e-02 -2.737935628728862050e-02 9.994168941900986036e-01 5.365529999999999466e-01
9.997913370276019229e-01 1.578318298970633185e-03 -2.036642619379407104e-02 -8.901740000000000000e-03 -1.019778333341974296e-03 9.996238691431097445e-01 2.740584411234222098e-02 -2.690090000000000016e-03 2.040202089771925298e-02 -2.737935628728862050e-02 9.994168941900986036e-01 5.365529999999999466e-01
9.997913370276019229e-01 1.578318298970633185e-03 -2.036642619379407104e-02 -8.901740000000000000e-03 -1.019778333341974296e-03 9.996238691431097445e-01 2.740584411234222098e-02 -2.690090000000000016e-03 2.040202089771925298e-02 -2.737935628728862050e-02 9.994168941900986036e-01 5.365529999999999466e-01
9.997913370276019229e-01 1.578318298970633185e-03 -2.036642619379407104e-02 -8.901740000000000000e-03 -1.019778333341974296e-03 9.996238691431097445e-01 2.740584411234222098e-02 -2.690090000000000016e-03 2.040202089771925298e-02 -2.737935628728862050e-02 9.994168941900986036e-01 5.365529999999999466e-01
9.997911919532751490e-01 1.580410434847213767e-03 -2.037338448826410756e-02 -8.900379999999999403e-03 -1.021372935483298890e-03 9.996234557888288297e-01 2.742085764752748983e-02 -2.692850000000000105e-03 2.040904921783169915e-02 -2.739432312828208455e-02 9.994163405560103630e-01 5.367199999999999749e-01
9.997913238375747413e-01 1.582404123252011173e-03 -2.036675664656928050e-02 -8.888399999999999426e-03 -1.023506743673336652e-03 9.996233982615695401e-01 2.742287515810842846e-02 -2.710629999999999897e-03 2.040248056133161028e-02 -2.739630714498324932e-02 9.994164202882411807e-01 5.366959999999999509e-01
9.997912431147691903e-01 1.584606987446716096e-03 -2.037054765390361108e-02 -8.880070000000000324e-03 -1.026168050084251895e-03 9.996241511967052240e-01 2.739531572001984577e-02 -2.739430000000000164e-03 2.040630221665868174e-02 -2.736869315407506470e-02 9.994170988455622906e-01 5.366410000000000347e-01
9.997913376489895310e-01 1.586999800549935549e-03 -2.036572104486038606e-02 -8.868930000000000563e-03 -1.028830866537810583e-03 9.996243340419702639e-01 2.738854319227890591e-02 -2.758950000000000031e-03 2.040153594933660428e-02 -2.736187535203540508e-02 9.994173828326818887e-01 5.366049999999999986e-01
9.997913782617129375e-01 1.590298605710027680e-03 -2.036346983912839734e-02 -8.858819999999999889e-03 -1.032026880530784261e-03 9.996241107558558880e-01 2.739657124682017691e-02 -2.774449999999999920e-03 2.039938415889746767e-02 -2.736984007824869863e-02 9.994172086671455624e-01 5.365889999999999826e-01
9.997914719226212998e-01 1.593467360445703336e-03 -2.035862305190057342e-02 -8.848289999999999975e-03 -1.035221133523520813e-03 9.996239641602523429e-01 2.740179909690617505e-02 -2.790079999999999904e-03 2.039463135246355474e-02 -2.737500937559101538e-02 9.994171640879915275e-01 5.365769999999999706e-01
9.997531918851928490e-01 7.580534714044059007e-03 -2.088278738142831936e-02 8.720050000000000023e-03 -6.996117779076175582e-03 9.995857371520815438e-01 2.791788706458805600e-02 -5.788999999999999875e-03 2.108576893049108475e-02 -2.776489826343636960e-02 9.993920655943947517e-01 5.370620000000000394e-01
9.995930702151560876e-01 1.704885071545064745e-02 -2.286986373200173076e-02 9.933980000000000588e-02 -1.635620594791666049e-02 9.994118858479514866e-01 3.013896071251277037e-02 -1.202779999999999995e-02 2.337024828339198321e-02 -2.975263207051320052e-02 9.992840498977502151e-01 5.392909999999999648e-01
9.995403677054121028e-01 1.725462997973864834e-02 -2.492651342630868364e-02 2.174200000000000021e-01 -1.642615167197459050e-02 9.993181215429363107e-01 3.306771079386258694e-02 -1.453710000000000072e-02 2.548008768781868591e-02 -3.264306511587958259e-02 9.991422298307991445e-01 5.419199999999999573e-01
9.996126249125313334e-01 1.739813630957175519e-02 -2.172337378108240777e-02 3.218639999999999834e-01 -1.661269237761156883e-02 9.992198795067189776e-01 3.582807349753569515e-02 -1.693930000000000088e-02 2.232976863843206053e-02 -3.545331086840175505e-02 9.991218365049492345e-01 5.418720000000000203e-01
9.997055429523674652e-01 1.756405825400131349e-02 -1.674309553105981715e-02 4.140710000000000224e-01 -1.691941989949202751e-02 9.991384603776130024e-01 3.789551720873732960e-02 -1.914779999999999954e-02 1.739426976267817102e-02 -3.760107514291422676e-02 9.991414306931326594e-01 5.405969999999999942e-01
9.997670472246009687e-01 1.772056801404800486e-02 -1.232204338014224534e-02 4.930669999999999775e-01 -1.721928099121010358e-02 9.990647472892217884e-01 3.966266614927858869e-02 -2.110650000000000026e-02 1.301336412878541238e-02 -3.944124989377083279e-02 9.991371478234951642e-01 5.393890000000000073e-01
9.998023783189289304e-01 1.786735924997655267e-02 -8.715605615542824577e-03 5.599070000000000435e-01 -1.749420998993735099e-02 9.989994284534078339e-01 4.115938005597987587e-02 -2.282380000000000173e-02 9.442294458519106745e-03 -4.099877343527359025e-02 9.991145798416525281e-01 5.384419999999999762e-01
9.998262914888618180e-01 1.790274900507191416e-02 -5.184440730764313873e-03 6.166650000000000187e-01 -1.767203020891115403e-02 9.989793105174724630e-01 4.156965848224786209e-02 -2.447179999999999842e-02 5.923360188671877510e-03 -4.147081788555401216e-02 9.991221572300248432e-01 5.380230000000000290e-01
9.998383286019129068e-01 1.791987745005297478e-02 -1.481435354101705987e-03 6.682360000000000522e-01 -1.784324074208635397e-02 9.989838507883609386e-01 4.138701032785461337e-02 -2.600190000000000140e-02 2.221580147833772476e-03 -4.135388562436518450e-02 9.991420923599474424e-01 5.379810000000000425e-01
9.998381405588717685e-01 1.793627707489776554e-02 1.408065506409768948e-03 7.082819999999999672e-01 -1.797909415102555072e-02 9.989875599938984330e-01 4.123841838559946793e-02 -2.725680000000000117e-02 -6.669762262651978812e-04 -4.125705930055711956e-02 9.991483424399921764e-01 5.380019999999999802e-01
9.998335684197215967e-01 1.794852531659463235e-02 3.268929495345556952e-03 7.346789999999999710e-01 -1.806797044809249631e-02 9.989886781410624028e-01 4.117243483035282897e-02 -2.813219999999999957e-02 -2.526639066593158300e-03 -4.122464535847889661e-02 9.991467083016861706e-01 5.380169999999999675e-01
9.998241746037915822e-01 1.796897789712005242e-02 5.360570042428774301e-03 7.647709999999999786e-01 -1.817434667463462342e-02 9.989896659461133810e-01 4.110158702316767804e-02 -2.940069999999999836e-02 -4.616600567210808054e-03 -4.119178517866928929e-02 9.991405926259813164e-01 5.386879999999999447e-01
9.998106731693886529e-01 1.797102075466968513e-02 7.460578369620969943e-03 7.949619999999999465e-01 -1.826253470834033471e-02 9.989905018757279098e-01 4.104213673906393495e-02 -3.070209999999999953e-02 -6.715477838597144061e-03 -4.117061543281310548e-02 9.991295625604733610e-01 5.380260000000000042e-01
9.997998826833892627e-01 1.796955445193659101e-02 8.791456027309274210e-03 8.144529999999999825e-01 -1.831560124482733282e-02 9.989909628498072625e-01 4.100725418088356500e-02 -3.109229999999999980e-02 -8.045703034645640059e-03 -4.116006872217294055e-02 9.991201706528921589e-01 5.379009999999999625e-01
9.997895467935984382e-01 1.797050628970646782e-02 9.895606395899973762e-03 8.307200000000000140e-01 -1.836177046576028746e-02 9.989912069304043296e-01 4.098065227759021406e-02 -3.140939999999999704e-02 -9.149180707237636323e-03 -4.115372862117899072e-02 9.991109363393839704e-01 5.379230000000000400e-01
9.997800374654300937e-01 1.797117143237313489e-02 1.081266308416221900e-02 8.442619999999999569e-01 -1.839992767799848369e-02 9.989915599349017405e-01 4.095492449359525861e-02 -3.167849999999999833e-02 -1.006575119242344302e-02 -4.114486816335567038e-02 9.991024874740089823e-01 5.379490000000000105e-01
9.997714487218904988e-01 1.797154771676744839e-02 1.157902384470324911e-02 8.555019999999999847e-01 -1.843174103326451069e-02 9.989913650031911896e-01 4.094537301751546149e-02 -3.190119999999999761e-02 -1.083149311105947518e-02 -4.114943646910320524e-02 9.990942911633817758e-01 5.379660000000000553e-01
9.997634646093339628e-01 1.797231038055521410e-02 1.224789336686735348e-02 8.654490000000000238e-01 -1.845982681642418730e-02 9.989915858007075711e-01 4.092732941806933450e-02 -3.210650000000000309e-02 -1.149998374993601614e-02 -4.114374264663491626e-02 9.990870546728041202e-01 5.379720000000000057e-01
9.997538844278449632e-01 1.816595945502341714e-02 1.273453919518488520e-02 8.727960000000000163e-01 -1.867324753237403073e-02 9.989879866223895233e-01 4.091836275731336459e-02 -3.246890000000000193e-02 -1.197833035234635926e-02 -4.114608731365410055e-02 9.990813375800526863e-01 5.379739999999999522e-01
9.997374435679167171e-01 1.887314339377189551e-02 1.299416741175272658e-02 8.765500000000000513e-01 -1.939047510023005419e-02 9.989746632974934037e-01 4.091004234961141683e-02 -3.348539999999999850e-02 -1.220874291947744369e-02 -4.115126423450153614e-02 9.990783352911964954e-01 5.380209999999999715e-01
9.996589535908407820e-01 2.227976441855006318e-02 1.362309080639123073e-02 8.857880000000000198e-01 -2.282009126985565239e-02 9.989032290349145748e-01 4.088499062072054741e-02 -3.570759999999999906e-02 -1.269724143665577724e-02 -4.118192711706022274e-02 9.990709829330568503e-01 5.380679999999999907e-01
9.991154464096808629e-01 3.844396229108090757e-02 1.704073088062619395e-02 9.377699999999999925e-01 -3.911095346171086784e-02 9.984053060682887004e-01 4.070845285690194437e-02 -4.642530000000000268e-02 -1.544856190393995021e-02 -4.133892328119674608e-02 9.990257430902625968e-01 5.382590000000000430e-01
9.971171667269510541e-01 7.195433864732213303e-02 2.408171439586924076e-02 1.044030000000000014e+00 -7.287733326381402865e-02 9.965409047107149920e-01 3.993894759134981876e-02 -6.977759999999999518e-02 -2.112463289083894510e-02 -4.157882138993466981e-02 9.989118837500389203e-01 5.389709999999999779e-01
9.936819013290411062e-01 1.070198709977231155e-01 3.380867023017213036e-02 1.196800000000000086e+00 -1.082961917182656553e-01 9.933732827527895770e-01 3.848968657013233235e-02 -1.016190000000000010e-01 -2.946546844057423842e-02 -4.190785516555429330e-02 9.986868968024966708e-01 5.398939999999999850e-01
9.932380812524738145e-01 1.098381209853197399e-01 3.759921712374245800e-02 1.375410000000000021e+00 -1.114036279149268477e-01 9.928688805105774229e-01 4.243368710193806681e-02 -1.234289999999999971e-01 -3.267025615596843430e-02 -4.633544315194276786e-02 9.983915469747409732e-01 5.374149999999999761e-01
9.933206582775607751e-01 1.098094494904296725e-01 3.543945035750413475e-02 1.559090000000000087e+00 -1.113457852044948404e-01 9.927733365215301031e-01 4.475732799333739798e-02 -1.451500000000000012e-01 -3.026856382829754000e-02 -4.840441193235861528e-02 9.983690835303619115e-01 5.322700000000000209e-01
9.933963728628996126e-01 1.097862931321948871e-01 3.332590918679622510e-02 1.712159999999999904e+00 -1.112697375140647010e-01 9.927013470233444492e-01 4.650893604016859140e-02 -1.632909999999999917e-01 -2.797663125513781199e-02 -4.990997353564843864e-02 9.983618094885665650e-01 5.277049999999999796e-01
9.934479786910194177e-01 1.098392762445597193e-01 3.156654920638563705e-02 1.845790000000000042e+00 -1.112669248814746048e-01 9.926437667115490804e-01 4.772864796040312413e-02 -1.792430000000000134e-01 -2.609185815821003784e-02 -5.092824170123200905e-02 9.983614220987672150e-01 5.238990000000000036e-01
9.934849236606436707e-01 1.100457469421509682e-01 2.962499010884401401e-02 1.956239999999999979e+00 -1.113792628612887969e-01 9.926216209444684857e-01 4.792679248658143765e-02 -1.925509999999999999e-01 -2.413226602457727021e-02 -5.091415533542688332e-02 9.984114294833562608e-01 5.211489999999999734e-01
9.935134170781371177e-01 1.102324572770684852e-01 2.792660825060640922e-02 2.051979999999999915e+00 -1.114815939718780125e-01 9.926054870013149012e-01 4.802292557072824347e-02 -2.041870000000000074e-01 -2.242641949159297071e-02 -5.082472368386906775e-02 9.984557592458693787e-01 5.189249999999999696e-01
9.935352279515899943e-01 1.105460590259145920e-01 2.583253090622221818e-02 2.182650000000000201e+00 -1.116920164832699153e-01 9.925738079533943381e-01 4.818847599581317642e-02 -2.198769999999999891e-01 -2.031364745886070702e-02 -5.076223595092232976e-02 9.985041567906364213e-01 5.159690000000000110e-01
9.935545879756666476e-01 1.106864917647097657e-01 2.444956550379183066e-02 2.345229999999999926e+00 -1.117868506707021259e-01 9.924988583631320083e-01 4.949460743359609255e-02 -2.392130000000000090e-01 -1.878778139189172733e-02 -5.190873422363986162e-02 9.984750886134665659e-01 5.127000000000000446e-01
9.935688420066842719e-01 1.108152331035204274e-01 2.325812343481221608e-02 2.549290000000000056e+00 -1.118881325201093180e-01 9.923873364989374002e-01 5.146280363240261779e-02 -2.634480000000000155e-01 -1.737820458675141608e-02 -5.373414620850698598e-02 9.984040462340804112e-01 5.088169999999999638e-01
9.935675679882693956e-01 1.108760229028717958e-01 2.302162868081795294e-02 2.795389999999999819e+00 -1.119903622499013873e-01 9.922051547570607255e-01 5.465427372724832034e-02 -2.925369999999999915e-01 -1.678233014248835947e-02 -5.688091436289480218e-02 9.982399085271183026e-01 5.036519999999999886e-01
9.934152809946108498e-01 1.110935581558790963e-01 2.800537131809904129e-02 3.083509999999999973e+00 -1.124962914222998045e-01 9.921386410918530130e-01 5.482245223118078353e-02 -3.271379999999999844e-01 -2.169478975761895967e-02 -5.761196220124267103e-02 9.981033002193185899e-01 4.963090000000000002e-01
9.931440368516203376e-01 1.113996009967872930e-01 3.542669846068256800e-02 3.438369999999999926e+00 -1.132005437123121266e-01 9.921194332927448789e-01 5.370909593467073501e-02 -3.694660000000000166e-01 -2.916434414322485735e-02 -5.735118987989123313e-02 9.979279944214693998e-01 4.871420000000000194e-01
9.928420820155523518e-01 1.116592151935188043e-01 4.238891177407889954e-02 3.807659999999999823e+00 -1.138228801602248347e-01 9.921068853831715995e-01 5.261444599474023043e-02 -4.134749999999999814e-01 -3.617944348734900006e-02 -5.706266413049605746e-02 9.977148391355497026e-01 4.769950000000000023e-01
9.927603141091781991e-01 1.117322903370587123e-01 4.407781784391166108e-02 4.188279999999999781e+00 -1.139659373767675371e-01 9.921274416683575348e-01 5.191247062541556184e-02 -4.591049999999999853e-01 -3.793051341177098440e-02 -5.656001047237484841e-02 9.976784258305300135e-01 4.637220000000000231e-01
9.927094743625894946e-01 1.119294964124537411e-01 4.471786380861452609e-02 4.589159999999999684e+00 -1.141828071522870552e-01 9.921247436208652237e-01 5.148572273995893900e-02 -5.072860000000000147e-01 -3.860292814767963404e-02 -5.621637597788392560e-02 9.976720568455038629e-01 4.486049999999999760e-01
9.926263222022853050e-01 1.125518822976340344e-01 4.500064735561313395e-02 5.105809999999999960e+00 -1.147776177402515668e-01 9.921128987625291717e-01 5.037950550456317400e-02 -5.695259999999999767e-01 -3.897541452040508697e-02 -5.517309036361076058e-02 9.977158148304011709e-01 4.288680000000000270e-01
9.919133467256807668e-01 1.125618561360569869e-01 5.863225333095112290e-02 5.621520000000000294e+00 -1.156118797737107351e-01 9.919577835515859254e-01 5.151357982720559947e-02 -6.316690000000000360e-01 -5.236225589724216589e-02 -5.787559239118370003e-02 9.969496526719496821e-01 4.026239999999999819e-01
9.906267760831301006e-01 1.121913064757731476e-01 7.792112202992947101e-02 6.123929999999999652e+00 -1.168050643739638045e-01 9.914943643760717462e-01 5.740646607381149485e-02 -6.921650000000000302e-01 -7.081784692955718497e-02 -6.596996408782286603e-02 9.953053784615619737e-01 3.736929999999999974e-01
9.906126171058459162e-01 1.123153596111635816e-01 7.792241542792226194e-02 6.583520000000000039e+00 -1.174265587071836175e-01 9.909889515565311058e-01 6.443524814164690306e-02 -7.496490000000000098e-01 -6.998318470100552136e-02 -7.298053088531390731e-02 9.948749649934923722e-01 3.438660000000000050e-01
9.904844010812715593e-01 1.190259102620323944e-01 6.909040382693783233e-02 6.997449999999999726e+00 -1.238737156148424917e-01 9.897746272982838045e-01 7.072121136064131453e-02 -8.051920000000000188e-01 -5.996627214066140021e-02 -7.860674171365954199e-02 9.951005106835761893e-01 3.165749999999999953e-01
9.825211431803326789e-01 1.749699133982355881e-01 6.354315548527723900e-02 7.390010000000000190e+00 -1.795975181017661626e-01 9.807711537955162706e-01 7.637195410815077190e-02 -8.925060000000000215e-01 -4.895849972474607820e-02 -8.644925267476662178e-02 9.950525574142686791e-01 2.952930000000000277e-01
9.631484177762017485e-01 2.623058305618793939e-01 5.950442494841810814e-02 7.701200000000000045e+00 -2.662619293820290833e-01 9.611414805488071034e-01 7.288099430034269965e-02 -1.006440000000000001e+00 -3.807506135200096342e-02 -8.603897733986540231e-02 9.955639527832210733e-01 2.849749999999999783e-01
9.432078957746018455e-01 3.296811860848355424e-01 4.085561026522509243e-02 7.981950000000000323e+00 -3.319984311024047896e-01 9.397869877507146752e-01 8.110153759319160827e-02 -1.127879999999999994e+00 -1.165791979684577956e-02 -9.005960912714505717e-02 9.958681437368483991e-01 2.862319999999999864e-01
9.409803750982640436e-01 3.383842477225764145e-01 7.213499369679070294e-03 8.254379999999999384e+00 -3.374293647600548618e-01 9.362359567045460684e-01 9.799825085759998611e-02 -1.231989999999999919e+00 2.640752691101817123e-02 -9.464847736096608510e-02 9.951604434741638805e-01 2.953200000000000269e-01
9.422535769836172248e-01 3.334032683721852020e-01 -3.163000632822057789e-02 8.492559999999999221e+00 -3.283985356855103066e-01 9.383504390239770787e-01 1.079483920358345062e-01 -1.319930000000000048e+00 6.567037704468614567e-02 -9.132751076348380459e-02 9.936532027606788109e-01 3.068210000000000104e-01
9.422301702548857572e-01 3.295564538412139033e-01 -5.995706791574182543e-02 8.671630000000000393e+00 -3.221891356156082464e-01 9.406182520884713849e-01 1.069180280836496272e-01 -1.384609999999999896e+00 9.163223861019773042e-02 -8.142387591875467623e-02 9.924584048098191724e-01 3.176720000000000099e-01
9.424429689814775024e-01 3.262675154536478495e-01 -7.314887953401294496e-02 8.822699999999999321e+00 -3.175743631754144314e-01 9.418871231994884186e-01 1.095224680361142067e-01 -1.437429999999999986e+00 1.046316112420519473e-01 -7.998847111112517005e-02 9.912890952785654575e-01 3.306919999999999860e-01
9.429355020391837483e-01 3.237678528132426625e-01 -7.776256476489767921e-02 8.960820000000000007e+00 -3.140682011518042827e-01 9.423751541371307994e-01 1.152832767156136418e-01 -1.485640000000000072e+00 1.106065279239081822e-01 -8.428194557389720454e-02 9.902841761993858016e-01 3.452890000000000126e-01
9.433538719741343392e-01 3.222113777101112131e-01 -7.914101531797994304e-02 9.069580000000000197e+00 -3.124416792370431351e-01 9.429656833373010194e-01 1.148734831184010097e-01 -1.523810000000000109e+00 1.116408048472659481e-01 -8.363939336442474670e-02 9.902225924360066323e-01 3.583790000000000031e-01
9.433627986861293779e-01 3.222111554052883853e-01 -7.903544386832069002e-02 9.151799999999999713e+00 -3.127640221507440033e-01 9.431952644733032631e-01 1.120774710779316036e-01 -1.552580000000000071e+00 1.106584678330687771e-01 -8.101027346901594484e-02 9.905513813474356999e-01 3.691880000000000162e-01
9.433533322251723696e-01 3.221988084746539860e-01 -7.919860097992069414e-02 9.244170000000000442e+00 -3.130928303168650784e-01 9.434590842221592943e-01 1.088936912904468340e-01 -1.584810000000000052e+00 1.098060571363809884e-01 -7.792871239920283466e-02 9.908934077891344838e-01 3.808670000000000111e-01
9.433198666019043666e-01 3.221123768383478136e-01 -7.994526853864289406e-02 9.376929999999999765e+00 -3.133852196860342776e-01 9.438091084185663560e-01 1.049479439936148728e-01 -1.630679999999999907e+00 1.092581043058205026e-01 -7.394581498435928713e-02 9.912591402301405008e-01 3.969039999999999790e-01
9.432763321627348763e-01 3.220148877196051251e-01 -8.084660332102949765e-02 9.505349999999999966e+00 -3.136067165550630587e-01 9.441176280210814564e-01 1.014531014380495033e-01 -1.675059999999999993e+00 1.089981124293908921e-01 -7.034427159887948755e-02 9.915498449094997113e-01 4.121609999999999996e-01
9.436367133882314073e-01 3.213431679083604831e-01 -7.929893810434061885e-02 9.652449999999999974e+00 -3.137907099979679870e-01 9.447780811455607219e-01 9.449744814482227695e-02 -1.725749999999999895e+00 1.052860079252127407e-01 -6.428799130110895987e-02 9.923617841843974663e-01 4.277770000000000183e-01
9.442578576601537987e-01 3.203889652038681146e-01 -7.568361264270646871e-02 9.829259999999999664e+00 -3.141411536586377617e-01 9.456621840943185697e-01 8.389498883713709942e-02 -1.786319999999999908e+00 9.845015909117059427e-02 -5.544316503914433619e-02 9.935963071717635042e-01 4.450600000000000112e-01
9.452612461309966019e-01 3.191714601218857972e-01 -6.790254491945760251e-02 1.002539999999999942e+01 -3.141205378515914415e-01 9.463731200287844869e-01 7.553942935190094410e-02 -1.852850000000000108e+00 8.837117325634205600e-02 -5.007491118961038962e-02 9.948281454636526133e-01 4.629119999999999902e-01
9.464757898175129025e-01 3.181239281778805994e-01 -5.459620508780713144e-02 1.019439999999999991e+01 -3.139344919666839928e-01 9.466047778759028031e-01 7.337935170150075570e-02 -1.910309999999999953e+00 7.502475620043858040e-02 -5.231214795042535282e-02 9.958085785600953033e-01 4.759380000000000277e-01
9.474167101726275186e-01 3.173080850241339346e-01 -4.143858665534501384e-02 1.033919999999999995e+01 -3.140383953910124704e-01 9.468151717880645135e-01 7.014924584181934930e-02 -1.959980000000000055e+00 6.149360540668998010e-02 -5.344726045603138964e-02 9.966754370625532378e-01 4.860419999999999741e-01
9.480959810273654753e-01 3.168029809637584182e-01 -2.738397363849686544e-02 1.049009999999999998e+01 -3.146086972462514564e-01 9.470613398200273814e-01 6.400145494683033565e-02 -2.011439999999999895e+00 4.621015447684468508e-02 -5.206428594316064168e-02 9.975740231944970615e-01 4.953089999999999993e-01
9.482751353698750663e-01 3.169404161655229868e-01 -1.797332022944628585e-02 1.064860000000000007e+01 -3.155304371220964410e-01 9.472465888022836289e-01 5.625338436019665378e-02 -2.065280000000000005e+00 3.485413732663392161e-02 -4.767255608064649430e-02 9.982547352795045903e-01 5.029289999999999594e-01
9.483271131705276469e-01 3.171102783855405116e-01 -1.080545084197198288e-02 1.079499999999999993e+01 -3.162474403778825494e-01 9.474140556943126956e-01 4.893019034595418038e-02 -2.114970000000000017e+00 2.575350228786122200e-02 -4.298462998676047531e-02 9.987437502707140480e-01 5.095159999999999689e-01
9.482964314322193111e-01 3.173506695213340056e-01 -4.736104652473727486e-03 1.094560000000000066e+01 -3.168264290793719185e-01 9.474048177566458673e-01 4.522305969646817775e-02 -2.165880000000000027e+00 1.883857663763070789e-02 -4.138434300381754055e-02 9.989656871907115487e-01 5.152759999999999563e-01
9.483062356518577873e-01 3.173562290530815289e-01 -5.543509819678112127e-04 1.110249999999999915e+01 -3.169770052286222106e-01 9.472555927526501440e-01 4.724849368095797308e-02 -2.218980000000000175e+00 1.551971585104410661e-02 -4.463032466870014980e-02 9.988830124393293097e-01 5.194729999999999626e-01
9.483162220796982345e-01 3.173204089902914582e-01 2.025087337005393277e-03 1.125760000000000005e+01 -3.170231229066332590e-01 9.471100348697628624e-01 4.978876772448106308e-02 -2.271939999999999849e+00 1.388101159908946072e-02 -4.785749562221962988e-02 9.987577171815771315e-01 5.228589999999999627e-01
9.483045231924401852e-01 3.173591830261275892e-01 1.296241392494501370e-03 1.141900000000000048e+01 -3.169997777042085629e-01 9.470197347433171320e-01 5.162134192540691197e-02 -2.326839999999999797e+00 1.515494072047607332e-02 -4.936366027439866716e-02 9.986658884812641412e-01 5.256340000000000456e-01
9.483013723092978964e-01 3.173662008935406176e-01 -1.789359299632505354e-03 1.161650000000000027e+01 -3.166864349081101038e-01 9.466103069449980367e-01 6.032104716173377484e-02 -2.393909999999999982e+00 2.083768752749955155e-02 -5.663586598523572685e-02 9.981774238393738008e-01 5.309690000000000243e-01
9.482220828052320138e-01 3.175486846051528977e-01 -6.141220240706341330e-03 1.179679999999999929e+01 -3.164444831179304418e-01 9.462251852096298377e-01 6.723680524257119595e-02 -2.455680000000000085e+00 2.716193632150682574e-02 -6.181206824349691487e-02 9.977181452868979505e-01 5.367889999999999606e-01
9.479480561727973154e-01 3.180810847359860638e-01 -1.479548347954142383e-02 1.196710000000000029e+01 -3.163488251126751472e-01 9.460474528347214696e-01 7.012587136546352684e-02 -2.513939999999999841e+00 3.630294269126122658e-02 -6.179514963258786464e-02 9.974284214086949207e-01 5.440139999999999976e-01
9.475585082823225758e-01 3.186373698643660268e-01 -2.455809250936915461e-02 1.215080000000000027e+01 -3.161854466274243713e-01 9.458889712917446513e-01 7.294393278169993000e-02 -2.576630000000000198e+00 4.647189174969865860e-02 -6.135373268648110223e-02 9.970336417406586715e-01 5.521989999999999954e-01
9.471075177765877484e-01 3.191249829861224629e-01 -3.386140878902637458e-02 1.234340000000000082e+01 -3.159275028855221823e-01 9.457119088556648068e-01 7.628104855790229788e-02 -2.642319999999999780e+00 5.636632586561627495e-02 -6.154860423016722537e-02 9.965112175112377235e-01 5.608229999999999604e-01
9.469515946905493475e-01 3.193463039184991636e-01 -3.606404700833060889e-02 1.257610000000000028e+01 -3.153957771474945604e-01 9.450078814050478782e-01 8.651940730189344730e-02 -2.721200000000000063e+00 6.171046159731343600e-02 -7.055524258293294215e-02 9.955971959952026884e-01 5.727929999999999966e-01
9.471426208733083607e-01 3.195583636853455700e-01 -2.834268731056981128e-02 1.281589999999999918e+01 -3.156053913883882234e-01 9.439785726967698798e-01 9.642453637923993626e-02 -2.803939999999999877e+00 5.756815657829053579e-02 -8.238268318107590249e-02 9.949366818346099262e-01 5.839339999999999531e-01
9.473212389164495928e-01 3.199232907232902323e-01 -1.521704145306220987e-02 1.305439999999999934e+01 -3.172614254750042995e-01 9.438314985269958823e-01 9.234332836677272560e-02 -2.886559999999999793e+00 4.390510452523041507e-02 -8.265101597116891741e-02 9.956109437704881993e-01 5.941049999999999942e-01
9.472799572301421334e-01 3.204047714431561000e-01 -1.210399322198549982e-03 1.330400000000000027e+01 -3.190477758262177388e-01 9.436021281502199320e-01 8.845078004585121834e-02 -2.972339999999999982e+00 2.948218734089796261e-02 -8.340147592719762693e-02 9.960798132894579382e-01 6.046700000000000408e-01
9.471660297963612196e-01 3.205820228891432255e-01 1.018226890743094068e-02 1.357760000000000034e+01 -3.200565532600476160e-01 9.425836601619188571e-01 9.539311458935791077e-02 -3.065949999999999953e+00 2.098367734923304792e-02 -9.361201950639076730e-02 9.953876004295202362e-01 6.172450000000000436e-01
9.470551643465062730e-01 3.209760169934580687e-01 7.804626808975716548e-03 1.384939999999999927e+01 -3.200398157217377304e-01 9.417883577706396281e-01 1.030009976673913336e-01 -3.161129999999999995e+00 2.571054331219379402e-02 -1.000454180994669179e-01 9.946506332777830250e-01 6.284269999999999579e-01
9.468685099923859205e-01 3.215988796497878943e-01 -3.766350063420673133e-03 1.411919999999999931e+01 -3.193958795923155791e-01 9.416284682295448238e-01 1.064053566280013519e-01 -3.255549999999999944e+00 3.776634592133641666e-02 -9.954892479420526796e-02 9.943157017205690451e-01 6.375279999999999836e-01
9.467685627467242737e-01 3.217519670510489149e-01 -1.024501309333671062e-02 1.434370000000000012e+01 -3.186791337330834306e-01 9.412779555552909239e-01 1.115321483195902547e-01 -3.333860000000000046e+00 4.552909309039068070e-02 -1.023302598669243030e-01 9.937080152630017871e-01 6.460019999999999651e-01
9.467143018797781195e-01 3.218167512046964940e-01 -1.288445809255662697e-02 1.454139999999999944e+01 -3.182195153606142690e-01 9.408049101718923835e-01 1.167152990833391774e-01 -3.403290000000000148e+00 4.968269980526596186e-02 -1.063959568804754424e-01 9.930818343417363581e-01 6.547720000000000207e-01
9.467921605083579051e-01 3.215845414932625435e-01 -1.296099812838309023e-02 1.471419999999999995e+01 -3.180297507879309427e-01 9.409906920442261402e-01 1.157307007664553633e-01 -3.464100000000000179e+00 4.941338294108563872e-02 -1.054509372110860321e-01 9.931960619271610335e-01 6.636069999999999469e-01
9.470036500289999992e-01 3.210094017591472171e-01 -1.170687037536751254e-02 1.486350000000000016e+01 -3.177758022310717689e-01 9.415438559366965388e-01 1.118646810403354369e-01 -3.516259999999999941e+00 4.693214621291050270e-02 -1.022161011293799687e-01 9.936544884021599744e-01 6.708830000000000071e-01
9.472039093809380139e-01 3.204549717178811208e-01 -1.064730739482320707e-02 1.499070000000000036e+01 -3.175025944307689474e-01 9.420704348634231229e-01 1.081452647413259222e-01 -3.560799999999999965e+00 4.468620126166999995e-02 -9.905506982246213565e-02 9.940780837335005948e-01 6.770129999999999759e-01
9.473662483619385011e-01 3.199728939846130937e-01 -1.070226984042580570e-02 1.510779999999999923e+01 -3.171895180184571283e-01 9.426128185864520725e-01 1.042683264262126291e-01 -3.601690000000000058e+00 4.345113489708411769e-02 -9.538564541699089128e-02 9.944916176240700123e-01 6.828849999999999643e-01
9.475132425467361896e-01 3.195249760848697940e-01 -1.106548040228164977e-02 1.525639999999999930e+01 -3.169147892308336600e-01 9.432192254782015839e-01 9.951135138805934643e-02 -3.653300000000000214e+00 4.223353602702704934e-02 -9.078150883448075914e-02 9.949748972151954973e-01 6.903340000000000032e-01
9.476788321358492473e-01 3.190408960022539375e-01 -1.085070503293694873e-02 1.543580000000000041e+01 -3.167065177720045366e-01 9.439194527588221639e-01 9.334371057664635207e-02 -3.715259999999999785e+00 4.002265261528557133e-02 -8.502336962015032140e-02 9.955748158205245391e-01 6.988649999999999585e-01
9.477956885768498152e-01 3.187587984683436515e-01 -8.727033525373252207e-03 1.566649999999999920e+01 -3.168450226840576756e-01 9.444852620308288316e-01 8.692997990851930590e-02 -3.794540000000000024e+00 3.595225049248085281e-02 -7.962674303005534693e-02 9.961761980086411006e-01 7.079199999999999937e-01
9.474946759077130798e-01 3.196490206322368244e-01 -8.851143168516100931e-03 1.591990000000000016e+01 -3.180212332608194914e-01 9.448395228205329621e-01 7.836307364782842122e-02 -3.881899999999999906e+00 3.341158963301717189e-02 -7.143374360286187941e-02 9.968855932117162144e-01 7.164390000000000480e-01
9.388062966152247446e-01 3.443340298699426594e-01 -8.764320232175068157e-03 1.620720000000000027e+01 -3.430870236167828935e-01 9.370584509878633339e-01 6.490572900756350072e-02 -3.997149999999999981e+00 3.056193157154433321e-02 -5.792698253622076410e-02 9.978529115219660905e-01 7.279910000000000547e-01
9.355677721032631400e-01 3.529876764569124803e-01 -1.061339113038708114e-02 1.653310000000000102e+01 -3.520188200519280275e-01 9.345577566665247415e-01 5.181264115716373991e-02 -4.123520000000000074e+00 2.820805081860196240e-02 -4.473812383172506152e-02 9.986004236655582345e-01 7.400710000000000344e-01
9.355962181691603874e-01 3.529271708288068132e-01 -1.010587147845658229e-02 1.689649999999999963e+01 -3.521700098090201903e-01 9.348686119682417806e-01 4.468738689706131667e-02 -4.261680000000000135e+00 2.521905507110629163e-02 -3.825036532305590292e-02 9.989499030551899361e-01 7.501579999999999915e-01
9.359422566008545052e-01 3.521275893084333530e-01 -4.272371324173518392e-03 1.730160000000000053e+01 -3.518451748433502058e-01 9.355615346706720459e-01 3.048914206909068142e-02 -4.416360000000000063e+00 1.473313436959798953e-02 -2.703286319441922797e-02 9.995259671760204911e-01 7.575709999999999944e-01
9.362908590583699509e-01 3.510865546085897848e-01 9.882227320257116338e-03 1.765439999999999898e+01 -3.512248296634295497e-01 9.359773114458413978e-01 2.424028643620406223e-02 -4.549170000000000158e+00 -7.391019106986829526e-04 -2.616684221842705341e-02 9.996573163322927114e-01 7.598009999999999486e-01
