0.999791265 -0.001019778 0.020402022 -0.002049630 0.001578318 0.999623895 -0.027379356 0.017393604 -0.020366425 0.027405845 0.999416888 -0.536347747
0.999999940 -0.000043699 0.000011723 -0.000039650 0.000043698 1.000000000 0.000028316 0.000460332 -0.000011722 -0.000028316 1.000000000 0.000654506
0.999999940 0.000110312 0.000056654 -0.000147779 -0.000110316 1.000000000 0.000081664 0.000381986 -0.000056643 -0.000081670 1.000000000 0.000894166
0.999999940 0.000067600 0.000004927 -0.000121377 -0.000067600 1.000000000 -0.000005880 0.000839475 -0.000004923 0.000005882 1.000000000 0.000927156
0.999999881 -0.000058999 0.000001756 0.000252094 0.000058999 0.999999940 0.000043867 0.001056945 -0.000001753 -0.000043867 1.000000000 0.001226378
0.999999940 0.000003432 -0.000010181 0.000240591 -0.000003431 1.000000000 0.000084247 0.001083978 0.000010187 -0.000084246 1.000000000 0.001451463
0.999999940 -0.000033947 0.000090426 0.000044936 0.000033934 1.000000000 0.000149835 0.000625182 -0.000090424 -0.000149829 1.000000000 0.000919423
0.999999940 0.000029181 0.000043191 0.000069230 -0.000029189 1.000000000 0.000181602 0.000401033 -0.000043182 -0.000181600 1.000000000 0.000689014
0.999999940 0.000130096 0.000088777 -0.000023830 -0.000130115 0.999999940 0.000221420 0.000524052 -0.000088744 -0.000221429 0.999999940 0.000650888
0.999999881 0.000277034 0.000137851 -0.000351387 -0.000277060 0.999999940 0.000183096 0.000890329 -0.000137797 -0.000183133 1.000000000 0.001156216
0.999999940 0.000197229 0.000059111 0.000009863 -0.000197237 0.999999940 0.000135848 0.001121335 -0.000059078 -0.000135858 1.000000000 0.001417067
0.999999940 0.000189549 0.000041276 -0.000159254 -0.000189556 1.000000000 0.000152549 0.000849026 -0.000041245 -0.000152556 1.000000000 0.001305874
0.999999940 0.000035890 -0.000026125 0.000330303 -0.000035887 1.000000000 0.000113450 0.001033238 0.000026133 -0.000113446 1.000000000 0.000984679
0.999999940 0.000185441 0.000000888 -0.000002771 -0.000185441 1.000000000 0.000180978 0.000837989 -0.000000846 -0.000180975 1.000000000 0.001079110
0.999999881 0.000234965 -0.000012217 0.000208258 -0.000234963 1.000000000 0.000172134 0.000745268 0.000012262 -0.000172129 1.000000000 0.001199537
0.999999940 0.000053330 0.000026487 0.000210618 -0.000053336 0.999999940 0.000220463 0.000674739 -0.000026474 -0.000220461 0.999999940 0.001062716
0.999999940 0.000097205 0.000017446 0.000200153 -0.000097207 0.999999940 0.000139907 0.000852603 -0.000017427 -0.000139911 1.000000000 0.000816401
0.999999940 0.000164019 0.000105230 -0.000148400 -0.000164036 0.999999940 0.000156714 0.001025059 -0.000105197 -0.000156729 1.000000000 0.001216028
0.999999940 0.000179476 0.000033675 -0.000312583 -0.000179481 1.000000000 0.000129094 0.000815704 -0.000033649 -0.000129098 1.000000000 0.000354493
0.999999940 0.000181878 -0.000076365 0.000111136 -0.000181873 1.000000000 0.000066150 0.001065931 0.000076380 -0.000066133 1.000000000 0.000647304
0.999999940 0.000126166 0.000029858 0.000059031 -0.000126172 0.999999940 0.000177855 0.000546602 -0.000029834 -0.000177857 1.000000000 0.000771185
0.999999940 0.000143773 -0.000096340 0.000161397 -0.000143753 1.000000000 0.000201862 0.000492752 0.000096373 -0.000201846 1.000000000 0.000401711
0.999999940 0.000180076 -0.000035092 0.000145254 -0.000180068 0.999999940 0.000229115 0.000551846 0.000035137 -0.000229105 0.999999940 0.000813124
0.999999940 0.000095695 0.000115791 0.000015925 -0.000095724 0.999999881 0.000247657 0.000608692 -0.000115763 -0.000247667 0.999999940 0.001007762
0.999999940 0.000149378 0.000137821 -0.000320058 -0.000149414 1.000000000 0.000262428 0.000436596 -0.000137776 -0.000262449 0.999999940 0.001056064
0.999999940 0.000179181 0.000077913 -0.000167229 -0.000179205 0.999999940 0.000307770 0.000304641 -0.000077853 -0.000307783 1.000000000 0.001117804
0.999999940 -0.000020090 0.000063900 0.000026570 0.000020076 0.999999940 0.000214819 0.000588982 -0.000063902 -0.000214813 1.000000000 0.000934771
0.999999940 0.000123319 0.000020951 0.000083939 -0.000123321 1.000000000 0.000112310 0.000954049 -0.000020934 -0.000112310 1.000000000 0.001223575
0.999999940 0.000185314 0.000126541 -0.000154748 -0.000185345 0.999999940 0.000244141 0.000619251 -0.000126490 -0.000244163 1.000000000 0.001183915
0.999999940 0.000126306 0.000091340 -0.000162593 -0.000126328 0.999999940 0.000236450 0.000727259 -0.000091309 -0.000236459 0.999999940 0.001175783
0.999999940 0.000116042 -0.000020968 0.000247192 -0.000116038 1.000000000 0.000233427 0.000598464 0.000020998 -0.000233421 0.999999940 0.001273140
0.999999940 0.000048531 -0.000006115 0.000189079 -0.000048529 1.000000000 0.000199296 0.000737242 0.000006130 -0.000199290 1.000000000 0.001284930
0.999999940 0.000063902 -0.000000730 -0.000021149 -0.000063902 1.000000000 0.000190362 0.000667597 0.000000747 -0.000190362 1.000000000 0.000819139
0.999999881 0.000150908 0.000033380 -0.000221856 -0.000150914 1.000000000 0.000184195 0.000621432 -0.000033349 -0.000184199 1.000000000 0.000626934
0.999982297 0.000533389 -0.005923246 -0.009823255 -0.000528756 0.999999583 0.000783740 0.001433531 0.005923666 -0.000780592 0.999982119 0.018888032
0.999876022 0.002859487 -0.015477206 -0.028329264 -0.002817280 0.999992251 0.002748193 0.003681744 0.015484940 -0.002704248 0.999876440 0.110068694
0.999858141 0.006086173 -0.015703455 -0.035000667 -0.006019663 0.999972701 0.004279228 0.005893771 0.015729072 -0.004184088 0.999867499 0.231113493
0.999840498 0.008487926 -0.015707258 -0.040763400 -0.008486151 0.999964058 0.000179641 -0.000357797 0.015708219 -0.000046320 0.999876559 0.330477655
0.999817729 0.010419674 -0.015998794 -0.045417793 -0.010491726 0.999935269 -0.004426122 -0.008367864 0.015951630 0.004593169 0.999862134 0.416187048
0.999790668 0.012453629 -0.016231749 -0.050130628 -0.012596546 0.999882579 -0.008732432 -0.015004313 0.016121086 0.008935069 0.999830008 0.489838332
0.999771297 0.013816706 -0.016323116 -0.053904414 -0.014018510 0.999826014 -0.012313918 -0.020287737 0.016150132 0.012539926 0.999790847 0.551710844
0.999776542 0.013533212 -0.016235719 -0.055556655 -0.013792485 0.999777436 -0.015965004 -0.026067235 0.016016047 0.016185366 0.999740720 0.603162706
0.999777794 0.013337373 -0.016325708 -0.056724899 -0.013655776 0.999715626 -0.019549493 -0.030702040 0.016060332 0.019768085 0.999675632 0.650022924
0.999778688 0.013416196 -0.016200107 -0.058753394 -0.013776998 0.999654830 -0.022369202 -0.033852320 0.015894404 0.022587437 0.999618590 0.686832368
0.999779642 0.013141467 -0.016368641 -0.059064690 -0.013535894 0.999614894 -0.024223369 -0.036044896 0.016044013 0.024439592 0.999572575 0.710381091
0.999780476 0.013078487 -0.016368682 -0.060345136 -0.013505905 0.999563336 -0.026279526 -0.037637785 0.016017839 0.026494827 0.999520600 0.737841904
0.999780834 0.012998192 -0.016409758 -0.061708167 -0.013456281 0.999513924 -0.028120823 -0.041276835 0.016036265 0.028335471 0.999469817 0.764830649
0.999779284 0.013088656 -0.016430492 -0.062147006 -0.013567025 0.999477088 -0.029348858 -0.043298490 0.016037764 0.029565293 0.999434114 0.782511413
0.999781251 0.013023055 -0.016362129 -0.061922915 -0.013514286 0.999450207 -0.030279344 -0.044877380 0.015958797 0.030493846 0.999407530 0.797960281
0.999780655 0.013127754 -0.016314505 -0.062586881 -0.013630186 0.999424160 -0.031076925 -0.046292603 0.015897131 0.031292483 0.999383807 0.809514463
0.999781907 0.013070460 -0.016285615 -0.062883936 -0.013580230 0.999408603 -0.031594723 -0.047297180 0.015863014 0.031808998 0.999368012 0.820722640
0.999782443 0.013091401 -0.016236056 -0.063490316 -0.013611200 0.999384701 -0.032328993 -0.047719248 0.015802830 0.032542955 0.999345362 0.829851568
0.999780416 0.012883734 -0.016523656 -0.063065842 -0.013418954 0.999375284 -0.032699917 -0.048522033 0.016092030 0.032914467 0.999328613 0.836784661
0.999772966 0.012701506 -0.017107271 -0.064714372 -0.013261656 0.999366224 -0.033037920 -0.048628084 0.016676791 0.033257291 0.999307573 0.839927018
0.999705553 0.012928945 -0.020531477 -0.070923343 -0.013611000 0.999348283 -0.033435296 -0.049796991 0.020085804 0.033704910 0.999229908 0.847751856
0.999245107 0.012544783 -0.036768336 -0.097322494 -0.013896081 0.999228716 -0.036729496 -0.052513726 0.036279209 0.037212703 0.998648524 0.894145906
0.997452021 0.011875530 -0.070346631 -0.152936384 -0.014915430 0.998970509 -0.042846709 -0.062105581 0.069765374 0.043786790 0.996601939 0.987067521
0.994347334 0.010709813 -0.105635032 -0.217349350 -0.016278729 0.998514593 -0.051997952 -0.072921246 0.104921222 0.053423636 0.993044436 1.120930791
0.994016647 0.014607108 -0.108248577 -0.247958839 -0.020503022 0.998354554 -0.053555176 -0.082681380 0.107288159 0.055454157 0.992680252 1.296514988
0.993979216 0.017228194 -0.108205847 -0.273139596 -0.022914147 0.998408794 -0.051525883 -0.089334249 0.107145973 0.053695101 0.992792249 1.482652903
0.993930519 0.018608365 -0.108424157 -0.291695327 -0.024104079 0.998478293 -0.049599007 -0.095992059 0.107336208 0.051911432 0.992866635 1.638742208
0.993922055 0.019793592 -0.108292103 -0.309761763 -0.025114242 0.998531997 -0.047991145 -0.099905312 0.107183211 0.050419133 0.992960095 1.775243878
0.993914247 0.019853622 -0.108352147 -0.323383003 -0.025040861 0.998593926 -0.046725105 -0.103103146 0.107272133 0.049153984 0.993013859 1.887014508
0.993869305 0.020011175 -0.108734399 -0.334359050 -0.025055133 0.998662710 -0.045221359 -0.107200667 0.107684024 0.047668479 0.993041635 1.984006166
0.993842542 0.020103207 -0.108962335 -0.350366592 -0.024967598 0.998742998 -0.043463852 -0.109982461 0.107951567 0.045916755 0.993095160 2.117578745
0.993778586 0.021899374 -0.109199114 -0.370947331 -0.026593812 0.998775423 -0.041720144 -0.117485240 0.108151719 0.044364609 0.993143916 2.278550625
0.993733227 0.023721149 -0.109230943 -0.397764087 -0.028313106 0.998771071 -0.040681507 -0.123888575 0.108131692 0.043519240 0.993183494 2.484255791
0.993647754 0.027098479 -0.109224096 -0.430420816 -0.031681757 0.998679280 -0.040447257 -0.135622919 0.107983775 0.043650735 0.993193865 2.729738474
0.993590057 0.027006293 -0.109770097 -0.464944214 -0.032227591 0.998418093 -0.046073064 -0.153185084 0.108352192 0.049315359 0.992888570 3.011165380
0.993567348 0.025860751 -0.110250622 -0.504644692 -0.031903490 0.998063385 -0.053401962 -0.178066939 0.108656093 0.056575827 0.992468119 3.355255604
0.993569613 0.025027052 -0.110422507 -0.547590017 -0.031759426 0.997714758 -0.059637688 -0.201687142 0.108677596 0.062761150 0.992093801 3.716281414
0.993553996 0.024526909 -0.110674337 -0.590677202 -0.031446755 0.997628868 -0.061218277 -0.224508643 0.108910441 0.064304009 0.991969466 4.094789028
0.993538618 0.023882477 -0.110954158 -0.637077808 -0.030875875 0.997614264 -0.061745029 -0.250942111 0.109214827 0.064771876 0.991905570 4.494594574
0.993504047 0.022972755 -0.111453168 -0.698422909 -0.030050706 0.997608304 -0.062247593 -0.282962143 0.109756596 0.065192491 0.991818130 5.010910511
0.993404329 0.024485847 -0.112018511 -0.761640549 -0.033467799 0.996311247 -0.079018511 -0.337908030 0.109670468 0.082246341 0.990559399 5.503574848
0.993143737 0.031558130 -0.112559378 -0.829760373 -0.042482350 0.994472921 -0.096014768 -0.391862541 0.108907208 0.100138262 0.988995254 5.981148243
0.992861807 0.037517123 -0.113215588 -0.893875778 -0.047949620 0.994706988 -0.090877958 -0.425755382 0.109206855 0.095657907 0.989405572 6.445881367
0.991800249 0.044576846 -0.119771168 -0.964439273 -0.054628070 0.995134771 -0.081991009 -0.454255879 0.115533553 0.087861575 0.989410102 6.869755745
0.983200908 0.048819728 -0.175876707 -1.112232685 -0.062635623 0.995298445 -0.073876746 -0.476710558 0.171443164 0.083651826 0.981636226 7.257479191
0.963874400 0.043682624 -0.262750864 -1.304828405 -0.062803984 0.995918810 -0.064817280 -0.486390561 0.258847177 0.078977518 0.962684035 7.550051689
0.942728698 0.053630974 -0.329220772 -1.505263686 -0.069888197 0.996840775 -0.037737779 -0.467343420 0.326156646 0.058585133 0.943498552 7.834345341
0.939437330 0.070600741 -0.335370004 -1.637616634 -0.074583560 0.997214258 0.001006320 -0.427450210 0.334506840 0.024067717 0.942085862 8.150863647
0.941451848 0.079010427 -0.327758670 -1.727308035 -0.069823928 0.996768057 0.039721966 -0.385761976 0.329837859 -0.014510922 0.943926036 8.441582680
0.943398952 0.077782087 -0.322410285 -1.785325885 -0.060136449 0.996113837 0.064350143 -0.354671180 0.326162636 -0.041319251 0.944410205 8.658272743
0.944446683 0.083005168 -0.318010390 -1.841357946 -0.061893299 0.995189369 0.075943835 -0.332597017 0.322784305 -0.052042186 0.945040703 8.825113297
0.945011973 0.088950954 -0.314706177 -1.893188477 -0.066249788 0.994417191 0.082132138 -0.315519929 0.320254952 -0.056766652 0.945629001 8.969849586
0.945612252 0.086949542 -0.313460052 -1.926219940 -0.064174645 0.994541168 0.082277045 -0.305713236 0.318902820 -0.057685997 0.946030259 9.080292702
0.945791006 0.084427394 -0.313609868 -1.953181148 -0.061775010 0.994757235 0.081497788 -0.299128294 0.318846285 -0.057706639 0.946048081 9.162425995
0.945978522 0.081579939 -0.313798606 -1.983000755 -0.058948595 0.994972527 0.080961823 -0.292440236 0.318825930 -0.058090143 0.946031511 9.255207062
0.946132481 0.077663846 -0.314327121 -2.023433685 -0.054958228 0.995240152 0.080478020 -0.281462789 0.319081277 -0.058868002 0.945897341 9.390193939
0.946369231 0.074322067 -0.314422339 -2.063977242 -0.051488448 0.995438039 0.080324888 -0.271228254 0.318957984 -0.059827883 0.945878685 9.519787788
0.946953416 0.066813387 -0.314348757 -2.105969906 -0.045134526 0.996104658 0.075752877 -0.265791416 0.318185627 -0.057546452 0.946280122 9.664405823
0.947595477 0.056456413 -0.314444631 -2.153538465 -0.036473718 0.996944189 0.069079168 -0.262736917 0.317383677 -0.053990118 0.946759045 9.836409569
0.948044300 0.048753057 -0.314380705 -2.208455563 -0.032030474 0.997794211 0.058143597 -0.263656497 0.316521883 -0.045052920 0.947514713 10.022203445
0.948271692 0.047198713 -0.313931853 -2.263206005 -0.034837093 0.998385072 0.044874277 -0.270500243 0.315542877 -0.031616542 0.948384464 10.174558640
0.948545694 0.043116264 -0.313690782 -2.307277203 -0.035158623 0.998901367 0.030983809 -0.279241830 0.314682007 -0.018360643 0.949019611 10.302873611
0.948858798 0.036990874 -0.313525915 -2.352040052 -0.033443786 0.999301195 0.016686279 -0.289647579 0.313924104 -0.005347431 0.949432969 10.439815521
0.948898017 0.028867390 -0.314259589 -2.395019770 -0.028401086 0.999578238 0.006063376 -0.297768056 0.314302117 0.003171797 0.949317694 10.587544441
0.948966265 0.021587402 -0.314637870 -2.436306477 -0.023780352 0.999712467 -0.003132362 -0.304506481 0.314479679 0.010454702 0.949206710 10.724205017
0.948897421 0.018351518 -0.315050900 -2.482661724 -0.022396369 0.999706566 -0.009223014 -0.311262995 0.314789206 0.015807688 0.949029982 10.867627144
0.948929369 0.021130368 -0.314780116 -2.541444778 -0.026448568 0.999570310 -0.012632729 -0.311580122 0.314377964 0.020313051 0.949080586 11.020603180
0.948889554 0.023029538 -0.314767122 -2.596640348 -0.029004155 0.999476850 -0.014309778 -0.313834548 0.314272910 0.022707952 0.949061036 11.172829628
0.948879242 0.024875604 -0.314657629 -2.654469013 -0.030429311 0.999455631 -0.012749355 -0.314365029 0.314169139 0.021672413 0.949119687 11.335762024
0.948667884 0.033396229 -0.314505816 -2.732187510 -0.037660807 0.999262512 -0.007491095 -0.309358656 0.314023614 0.018951103 0.949226022 11.535243034
0.948574603 0.039733451 -0.314049870 -2.803302050 -0.042034660 0.999115944 -0.000556223 -0.302432954 0.313750118 0.013728596 0.949406385 11.723574638
0.948297918 0.042442057 -0.314530581 -2.863468170 -0.041948047 0.999085009 0.008342490 -0.291731328 0.314596832 0.005282789 0.949210644 11.903911591
0.948075354 0.045391105 -0.314789832 -2.929773808 -0.041735765 0.998960257 0.018346395 -0.280018091 0.315295339 -0.004255772 0.948984027 12.100152969
0.947893262 0.049421363 -0.314731359 -3.000107288 -0.042880971 0.998696804 0.027675580 -0.268365085 0.315688998 -0.012737509 0.948777199 12.301856995
0.947374940 0.060886193 -0.314282686 -3.093739510 -0.053552333 0.998054564 0.031925444 -0.258382678 0.315615058 -0.013414795 0.948792517 12.537281036
0.946875274 0.068147972 -0.314297706 -3.186707497 -0.063200302 0.997664332 0.025918039 -0.259555280 0.315329790 -0.004677434 0.948970556 12.763849258
0.946732819 0.063523032 -0.315692425 -3.264513016 -0.062892862 0.997945726 0.012194760 -0.271083295 0.315818548 0.008309622 0.948783219 12.985418320
0.946529210 0.061250880 -0.316750348 -3.348514080 -0.064932913 0.997889042 -0.001071231 -0.281124920 0.316016108 0.021581478 0.948508322 13.216259956
0.945769608 0.069334380 -0.317352533 -3.453571320 -0.075737186 0.997096717 -0.007867709 -0.280626744 0.315885723 0.031476427 0.948274970 13.478714943
0.945253134 0.075571284 -0.317467123 -3.556542158 -0.080051363 0.996790111 -0.001071282 -0.271810532 0.316367239 0.026426313 0.948268652 13.756233215
0.945027769 0.079157770 -0.317264199 -3.654425144 -0.079947665 0.996743262 0.010550268 -0.258229524 0.317066103 0.015394223 0.948278666 14.040861130
0.944751561 0.084535688 -0.316698849 -3.738810778 -0.083374649 0.996369064 0.017241653 -0.248752892 0.317006499 0.010115576 0.948369443 14.274085999
0.944403350 0.089161627 -0.316468477 -3.813267231 -0.087172627 0.995983005 0.020467518 -0.242182523 0.317022085 0.008257795 0.948382080 14.472810745
0.944634497 0.087022685 -0.316374391 -3.871199131 -0.085309237 0.996167779 0.019290883 -0.239912659 0.316840678 0.008766831 0.948438227 14.645836830
0.945083976 0.083236851 -0.316050410 -3.918339252 -0.082153171 0.996478558 0.016776057 -0.240693897 0.316333801 0.010109767 0.948594093 14.794120789
0.945481062 0.079119049 -0.315920353 -3.956631184 -0.078577042 0.996802986 0.014475156 -0.241886213 0.316055655 0.011138112 0.948675275 14.919874191
0.945983946 0.075562529 -0.315285206 -3.992520571 -0.075248942 0.997077584 0.013186212 -0.241228715 0.315360188 0.011250937 0.948905349 15.037066460
0.946372986 0.070538357 -0.315281600 -4.036559105 -0.070289984 0.997452319 0.012173640 -0.242508486 0.315337121 0.010640336 0.948920012 15.185153008
0.946825206 0.065039940 -0.315106004 -4.090186596 -0.065168656 0.997822881 0.010139455 -0.244087249 0.315079331 0.010934739 0.949002326 15.364213943
0.947300076 0.058556374 -0.314950734 -4.161945820 -0.059713155 0.998197854 0.005983688 -0.244262025 0.314733386 0.013138360 0.949089170 15.593389511
0.947379947 0.049840543 -0.316207349 -4.238008499 -0.051320393 0.998675585 0.003651420 -0.248168170 0.315970570 0.012768611 0.948683023 15.846993446
0.939118743 0.036481708 -0.341650307 -4.336859226 -0.038671341 0.999251842 0.000402238 -0.245600089 0.341409385 0.012834332 0.939826965 16.147666931
0.936201096 0.024704514 -0.350595266 -4.455854893 -0.026919566 0.999636710 -0.001444967 -0.247280076 0.350432128 0.010790655 0.936525941 16.471696854
0.936359406 0.017341768 -0.350614101 -4.585265160 -0.020497313 0.999775946 -0.005290637 -0.253107250 0.350443810 0.012140586 0.936505079 16.834150314
0.936711490 0.002772077 -0.350091159 -4.718624115 -0.009248402 0.999815583 -0.016828524 -0.272353530 0.349979967 0.019001259 0.936564386 17.230154037
0.937118173 -0.002019607 -0.349006325 -4.842948437 -0.009949665 0.999422193 -0.032499280 -0.297006875 0.348870277 0.033928160 0.936556697 17.563508987
0.937201560 -0.008686316 -0.348680109 -4.953733444 -0.008228041 0.998861015 -0.046999395 -0.322513402 0.348691225 0.046916865 0.936062574 17.859613419
0.937144935 -0.013935269 -0.348661959 -5.049098015 -0.005894840 0.998427451 -0.055749342 -0.345656395 0.348890513 0.054300517 0.935589015 18.120052338
0.936962247 -0.014578723 -0.349126548 -5.134434700 -0.006754053 0.998187065 -0.059808072 -0.362193465 0.349365473 0.058395915 0.935165048 18.346704483
0.937176526 -0.013085320 -0.348609924 -5.214429855 -0.008997737 0.998057187 -0.061651602 -0.377423584 0.348739445 0.060915135 0.935238004 18.546691895
0.936922610 -0.015512897 -0.349192649 -5.273113251 -0.006840433 0.998009562 -0.062690258 -0.390390813 0.349470139 0.061124537 0.934951603 18.707435608
0.931328952 -0.017913356 -0.363738179 -5.344700813 -0.005902705 0.997915745 -0.064258806 -0.399924517 0.364131212 0.061993118 0.929282188 18.831621170
0.919433117 -0.018808892 -0.392796218 -5.430968761 -0.007924553 0.997766495 -0.066326939 -0.410587251 0.393166572 0.064095914 0.917230546 18.915195465
0.907031894 -0.019258158 -0.420621485 -5.508454800 -0.010302062 0.997639477 -0.067892417 -0.420155048 0.420935929 0.065913856 0.904692352 18.978017807
0.895198524 -0.020211261 -0.445209175 -5.580194950 -0.012124908 0.997496903 -0.069663599 -0.426481843 0.445502669 0.067760877 0.892712593 19.034427643
0.886035204 -0.020709736 -0.463155210 -5.635618210 -0.013655934 0.997402549 -0.070722707 -0.432216942 0.463416785 0.068987615 0.883450985 19.073207855
0.878095448 -0.021484137 -0.478002638 -5.681315422 -0.014695752 0.997309268 -0.071820959 -0.435892403 0.478259414 0.070090279 0.875417173 19.105148315
0.870721340 -0.022099581 -0.491279781 -5.719676971 -0.015602916 0.997245371 -0.072513662 -0.440360665 0.491528988 0.070804603 0.867978036 19.132144928
0.867080510 -0.022611307 -0.497654706 -5.742136955 -0.015919644 0.997201502 -0.073045909 -0.441866994 0.497913688 0.071259178 0.864293993 19.145914078
0.864069521 -0.022835080 -0.502854109 -5.762293339 -0.016296076 0.997177899 -0.073284842 -0.444519877 0.503108442 0.071517743 0.861258924 19.161293030
0.863012493 -0.023915049 -0.504616022 -5.801266670 -0.016274154 0.997044265 -0.075085111 -0.449932575 0.504920304 0.073011607 0.860072553 19.222209930
0.863046587 -0.024943683 -0.504507959 -5.861265182 -0.016358545 0.996875942 -0.077271223 -0.459934235 0.504859269 0.074941680 0.859942377 19.323246002
0.863027096 -0.027118880 -0.504428923 -5.926028252 -0.014658396 0.996793151 -0.078668185 -0.472606897 0.504944682 0.075286895 0.859862089 19.436798096
0.862981975 -0.028021144 -0.504456997 -5.982807159 -0.013981327 0.996753931 -0.079284906 -0.480008602 0.505041122 0.075474419 0.859789014 19.533081055
0.862946332 -0.027722506 -0.504534423 -6.034393311 -0.014155508 0.996775627 -0.078980863 -0.488098264 0.505097151 0.075298183 0.859771490 19.621486664
0.862859607 -0.028316721 -0.504649758 -6.083040237 -0.013055265 0.996847689 -0.078256913 -0.495885491 0.505274951 0.074113064 0.859770060 19.706056595
0.862900138 -0.028647820 -0.504561722 -6.128570557 -0.012127898 0.996930778 -0.077344462 -0.502072930 0.505228817 0.072859824 0.859904289 19.783727646
0.862900376 -0.029171932 -0.504531026 -6.166979790 -0.011141474 0.996991813 -0.076701261 -0.507149935 0.505250871 0.071806781 0.859979868 19.851713181
0.862877488 -0.029888442 -0.504528642 -6.203500748 -0.010082670 0.997033298 -0.076308593 -0.509967923 0.505312562 0.070931979 0.860016227 19.916530609
0.862711310 -0.029984253 -0.504807115 -6.245757580 -0.009245576 0.997138560 -0.075028099 -0.517938018 0.505612254 0.069394827 0.859965503 19.990825653
0.862734795 -0.031675592 -0.504663765 -6.292024136 -0.007348463 0.997145236 -0.075148918 -0.523994803 0.505603611 0.068542078 0.860039055 20.070714951
0.859365582 -0.033330418 -0.510274112 -6.362089634 -0.006140894 0.997129023 -0.075473152 -0.532948852 0.511324584 0.067992575 0.856693625 20.173715591
0.850463688 -0.032682482 -0.525017381 -6.477619171 -0.010751347 0.996779740 -0.079465687 -0.552237511 0.525923729 0.073227324 0.847373545 20.303121567
0.850530863 -0.032742586 -0.524904788 -6.587883472 -0.013781007 0.996330082 -0.084479287 -0.575145006 0.525744438 0.079085976 0.846958160 20.466602325
0.850722790 -0.035411905 -0.524420261 -6.716526508 -0.015047333 0.995678246 -0.091643997 -0.602079511 0.525399029 0.085854769 0.846513271 20.669046402
0.841334522 -0.039615795 -0.539061129 -6.869252205 -0.017065400 0.994866431 -0.099747747 -0.632384419 0.540245354 0.093120500 0.836339355 20.863456726
0.818762779 -0.038761619 -0.572821796 -7.066709042 -0.022045001 0.994860113 -0.098830044 -0.655595899 0.573708475 0.093546234 0.813700020 21.043363571
0.817298412 -0.035085071 -0.575145364 -7.199598312 -0.024817837 0.995074987 -0.095968507 -0.673161030 0.575679898 0.092708781 0.812402427 21.216939926
0.817331135 -0.031732082 -0.575293601 -7.313988686 -0.027168209 0.995249033 -0.093494438 -0.685721636 0.575527191 0.092045635 0.812586010 21.370084763
0.817166388 -0.030890631 -0.575573683 -7.405479431 -0.027542217 0.995329738 -0.092521504 -0.702310562 0.575743437 0.091458030 0.812499046 21.499023438
0.817094326 -0.030439137 -0.575699925 -7.485600471 -0.028568046 0.995240390 -0.093168423 -0.718177319 0.575795650 0.092574008 0.812335670 21.608501434
0.817137182 -0.031395048 -0.575587690 -7.548773766 -0.029027667 0.995007813 -0.095481411 -0.729198933 0.575711846 0.094729356 0.812146783 21.692985535
0.817059338 -0.033308294 -0.575590551 -7.621273994 -0.028507678 0.994774699 -0.098032750 -0.744968653 0.575848281 0.096507318 0.811840594 21.796335220
0.817170143 -0.034394078 -0.575369477 -7.705828667 -0.028842434 0.994527698 -0.100413814 -0.762194753 0.575674474 0.098650232 0.811706305 21.912176132
0.816914737 -0.037422493 -0.575543225 -7.806069374 -0.026708335 0.994367838 -0.102564260 -0.779760480 0.576139808 0.099158064 0.811314225 22.057592392
0.816815853 -0.042121641 -0.575358689 -7.908747673 -0.020207880 0.994629860 -0.101504609 -0.797080278 0.576544464 0.094537348 0.811578155 22.214302063
0.816289604 -0.046888512 -0.575736761 -8.029199600 -0.011820224 0.995135665 -0.097803652 -0.814381361 0.577521980 0.086641438 0.811764538 22.402599335
0.816479027 -0.043644838 -0.575722992 -8.175718307 -0.009500763 0.995988250 -0.088978410 -0.827144384 0.577296734 0.078118831 0.812788904 22.612306595
0.817049801 -0.036725361 -0.575396359 -8.327053070 -0.010014414 0.996914744 -0.077849522 -0.837023437 0.576480210 0.069369189 0.814161241 22.823333740
0.816926122 -0.037130959 -0.575545847 -8.475900650 -0.004260696 0.997509658 -0.070401281 -0.853198946 0.576726615 0.059964869 0.814733505 23.044649124
0.816558480 -0.040588096 -0.575833857 -8.609945297 0.002800099 0.997791946 -0.066359453 -0.867383122 0.577255785 0.052573998 0.814869046 23.250495911
0.816473961 -0.041890956 -0.575860620 -8.741601944 0.004875626 0.997829318 -0.065674238 -0.881043792 0.577361763 0.050813623 0.814905763 23.443092346
0.816547751 -0.039810427 -0.575903475 -8.886095047 0.002473996 0.997851491 -0.065470628 -0.897169948 0.577272594 0.052035116 0.814891875 23.639762878
0.816544354 -0.037396539 -0.576070070 -9.040285110 -0.000060052 0.997894168 -0.064865060 -0.913034678 0.577282667 0.052999802 0.814822614 23.852294922
0.816769481 -0.034465902 -0.575933695 -9.201843262 -0.002642062 0.997980297 -0.063469537 -0.927031338 0.576958001 0.053361639 0.815028727 24.071640015
0.816704333 -0.031785332 -0.576180100 -9.335395813 -0.004905284 0.998063445 -0.062011767 -0.942054749 0.577035308 0.053471621 0.814966857 24.255693436
0.816822171 -0.029926378 -0.576112747 -9.452299118 -0.006804744 0.998084307 -0.061493725 -0.950532258 0.576849341 0.054149739 0.815053642 24.414091110
0.813721061 -0.028944630 -0.580534279 -9.558383942 -0.007815346 0.998124242 -0.060719676 -0.959468603 0.581202865 0.053945962 0.811968505 24.547286987
0.796253264 -0.028744657 -0.604280055 -9.683605194 -0.008015594 0.998281479 -0.058048755 -0.964540124 0.604910254 0.051065169 0.794654548 24.645818710
0.774293184 -0.028002858 -0.632206976 -9.795145035 -0.008781668 0.998448730 -0.054980416 -0.970297098 0.632766068 0.048122793 0.772846162 24.706840515
0.768937886 -0.028170215 -0.638702452 -9.869913101 -0.007970142 0.998528719 -0.053635810 -0.971068084 0.639273643 0.046333157 0.767582119 24.779470444
0.768631041 -0.027598809 -0.639096737 -9.926690102 -0.007206350 0.998631895 -0.051791977 -0.974632263 0.639651775 0.044414483 0.767380595 24.846363068
0.761766016 -0.027809890 -0.647255123 -9.985265732 -0.006663820 0.998689055 -0.050752327 -0.976648688 0.647818029 0.042974588 0.760581970 24.893068314
0.753077447 -0.027436705 -0.657359481 -10.038246155 -0.007159774 0.998729229 -0.049887013 -0.977576196 0.657892883 0.042275332 0.751923978 24.924564362
0.752507746 -0.027789902 -0.657996953 -10.069299698 -0.006213379 0.998765349 -0.049287774 -0.980724037 0.658554256 0.041177809 0.751405776 24.960363388
0.752912104 -0.027454011 -0.657548308 -10.090283394 -0.005951525 0.998804629 -0.048516851 -0.981534839 0.658094168 0.040442336 0.751848638 24.984811783
0.752206802 -0.027134424 -0.658368289 -10.108776093 -0.005940755 0.998831928 -0.047954019 -0.982177615 0.658900380 0.039982542 0.751166821 25.003398895
0.752594531 -0.025771381 -0.657979667 -10.159901619 -0.005797003 0.998935819 -0.045756351 -0.984244406 0.658458769 0.038250290 0.751644254 25.062721252
0.753169239 -0.023879165 -0.657393217 -10.225878716 -0.005759863 0.999063253 -0.042889018 -0.986267090 0.657801628 0.036089186 0.752326131 25.135845184
0.753349781 -0.022365052 -0.657239676 -10.288295746 -0.005675953 0.999163151 -0.040506247 -0.987156391 0.657595634 0.034245834 0.752592325 25.209068298
0.753261447 -0.022066819 -0.657350957 -10.362667084 -0.004186465 0.999255896 -0.038341627 -0.989831805 0.657707870 0.031633250 0.752608538 25.297592163
0.753171086 -0.023192884 -0.657415748 -10.455566406 -0.001037807 0.999335051 -0.036444392 -0.992933571 0.657823801 0.028131135 0.752646208 25.411315918
0.753171504 -0.023417404 -0.657407284 -10.555158615 0.001286067 0.999416649 -0.034126665 -0.997116029 0.657822907 0.024857758 0.752762258 25.529136658
0.753139973 -0.024062602 -0.657420099 -10.647500038 0.003838760 0.999474585 -0.032184646 -1.001327157 0.657849073 0.021715863 0.752836645 25.638751984
0.753154039 -0.025250467 -0.657359421 -10.751449585 0.006519051 0.999500513 -0.030923730 -1.006109834 0.657811940 0.019004975 0.752942443 25.763204575
0.753160179 -0.025522392 -0.657341897 -10.856113434 0.006647968 0.999491394 -0.031189896 -1.014327049 0.657803655 0.019120999 0.752946675 25.884099960
0.753265023 -0.026130689 -0.657197714 -10.962139130 0.006187491 0.999447823 -0.032646853 -1.017418265 0.657687902 0.020525336 0.753010750 26.003349304
0.753092885 -0.026815988 -0.657367527 -11.084794998 0.006224013 0.999414682 -0.033638772 -1.024859548 0.657884777 0.021241659 0.752819061 26.143522263
0.753129959 -0.027053548 -0.657315254 -11.198524475 0.006024916 0.999395847 -0.034229621 -1.032133698 0.657844245 0.021819081 0.752837718 26.273977280
0.752880871 -0.027805232 -0.657569230 -11.313728333 0.006232662 0.999363601 -0.035121914 -1.037981153 0.658127367 0.022344206 0.752574921 26.408409119
0.753129184 -0.026648981 -0.657332599 -11.434402466 0.005100766 0.999385655 -0.034672048 -1.045232296 0.657852888 0.022759629 0.752802432 26.541770935
0.752864122 -0.026440769 -0.657644510 -11.551727295 0.004925177 0.999391079 -0.034542486 -1.048851967 0.658157468 0.022766784 0.752535999 26.678073883
0.753113627 -0.025453355 -0.657397926 -11.659905434 0.004188409 0.999416590 -0.033897515 -1.053878546 0.657877207 0.022775229 0.752780795 26.798772812
0.753132880 -0.025330873 -0.657380641 -11.761707306 0.004147322 0.999421418 -0.033759333 -1.059184194 0.657855451 0.022698887 0.752802074 26.914363861
0.753015995 -0.025314143 -0.657515109 -11.854436874 0.004499662 0.999434471 -0.033324726 -1.063723564 0.657986879 0.022135455 0.752703965 27.020431519
0.753068864 -0.025397822 -0.657451272 -11.954278946 0.005229291 0.999454200 -0.032619823 -1.068660378 0.657920957 0.021126973 0.752790570 27.136295319
0.753045022 -0.025600526 -0.657470822 -12.068894386 0.005898620 0.999465287 -0.032160994 -1.073709607 0.657942593 0.020340506 0.752793431 27.267391205
0.753200948 -0.025873035 -0.657281458 -12.178915024 0.006367693 0.999466062 -0.032045737 -1.077715874 0.657759666 0.019951515 0.752963543 27.393949509
0.753104389 -0.025459297 -0.657408357 -12.310245514 0.006846090 0.999500096 -0.030864771 -1.083326817 0.657865465 0.018743718 0.752902210 27.545740128
0.753182828 -0.024066459 -0.657370865 -12.480913162 0.006468529 0.999553144 -0.029182496 -1.088306785 0.657779455 0.017727531 0.753001869 27.741287231
0.752946913 -0.024263782 -0.657633722 -12.666489601 0.007795659 0.999578834 -0.027954530 -1.093253374 0.658035040 0.015921589 0.752818823 27.957172394
0.753349483 -0.024287477 -0.657171667 -12.870634079 0.009592487 0.999617338 -0.025947088 -1.102259159 0.657550335 0.013243315 0.753294170 28.190713882
0.753190279 -0.024838511 -0.657333493 -13.066808701 0.010115073 0.999606073 -0.026181761 -1.111602545 0.657724917 0.013070873 0.753144741 28.418167114
0.753192067 -0.025710681 -0.657297850 -13.247333527 0.009966278 0.999567091 -0.027678523 -1.119774222 0.657725096 0.014296435 0.753122330 28.625976562
0.753241837 -0.026718173 -0.657200634 -13.416238785 0.010220759 0.999529421 -0.028920993 -1.129074812 0.657664239 0.015067414 0.753160417 28.819786072
0.753193498 -0.027403055 -0.657227993 -13.549272537 0.010132621 0.999496758 -0.030061780 -1.133733511 0.657720864 0.015982898 0.753092051 28.973823547
0.752890885 -0.028239215 -0.657539189 -13.684350014 0.010587098 0.999469519 -0.030801669 -1.139238834 0.658060014 0.016228870 0.752790451 29.130373001
0.753143132 -0.028144350 -0.657254398 -13.829263687 0.010577023 0.999473393 -0.030678410 -1.148080349 0.657771587 0.016153444 0.753044188 29.295345306
0.753149569 -0.028411763 -0.657235563 -13.980263710 0.010944040 0.999469876 -0.030665116 -1.154871821 0.657758296 0.015902609 0.753061175 29.468835831
0.753146827 -0.028694555 -0.657226384 -14.123064995 0.011879517 0.999478519 -0.030024007 -1.160038590 0.657745242 0.014804953 0.753094912 29.631925583
0.753003478 -0.029798608 -0.657341719 -14.271127701 0.013823941 0.999469995 -0.029472254 -1.166451454 0.657871544 0.013105651 0.753016114 29.805683136
0.753020525 -0.031035161 -0.657264650 -14.411382675 0.015409394 0.999444902 -0.029538095 -1.170845628 0.657816470 0.012114745 0.753080785 29.970500946
0.753299713 -0.030036852 -0.656990945 -14.569227219 0.015421452 0.999488652 -0.028013347 -1.176928520 0.657496393 0.010970696 0.753377795 30.150848389
0.753430605 -0.030152518 -0.656835675 -14.723539352 0.015833249 0.999490380 -0.027720626 -1.181654215 0.657336771 0.010485727 0.753524005 30.328178406
0.753061116 -0.031115949 -0.657214344 -14.885992050 0.017739553 0.999478281 -0.026993852 -1.189032555 0.657711327 0.008669334 0.753220141 30.519512177
0.753168881 -0.031303853 -0.657081902 -15.066766739 0.018990716 0.999485493 -0.025848424 -1.195023775 0.657553017 0.006989772 0.753375828 30.728963852
0.753322780 -0.031319045 -0.656904817 -15.247467041 0.019116828 0.999486148 -0.025729464 -1.201312542 0.657373011 0.006824664 0.753534436 30.936315536
0.753247082 -0.031970996 -0.656960368 -15.428521156 0.019111130 0.999459982 -0.026726628 -1.211126566 0.657460153 0.007576493 0.753451288 31.144622803
0.753321171 -0.032914091 -0.656828582 -15.619290352 0.019214809 0.999421954 -0.028044065 -1.220840931 0.657372057 0.008505353 0.753518164 31.363847733
0.753264368 -0.033630680 -0.656857371 -15.789288521 0.019064369 0.999388814 -0.029305609 -1.229151726 0.657441318 0.009552306 0.753445148 31.560079575
0.753370285 -0.034299135 -0.656701446 -15.962759018 0.019362709 0.999362826 -0.029983167 -1.239253283 0.657311440 0.009872903 0.753554344 31.758810043
0.753388286 -0.034114003 -0.656690419 -16.143554688 0.019149007 0.999368012 -0.029946841 -1.247289300 0.657297075 0.009986626 0.753565431 31.967634201
0.753295004 -0.033376172 -0.656835377 -16.308528900 0.018066848 0.999384701 -0.030062282 -1.254894495 0.657434642 0.010778827 0.753434479 32.153858185
0.753260612 -0.032178339 -0.656934381 -16.483150482 0.016919363 0.999420047 -0.029553911 -1.261448741 0.657504499 0.011146884 0.753368139 32.352439880
0.753441215 -0.031213246 -0.656773984 -16.651496887 0.016504481 0.999455690 -0.028565535 -1.269342303 0.657308161 0.010682737 0.753546238 32.543701172
0.753121138 -0.030529737 -0.657173097 -16.837051392 0.016263966 0.999481380 -0.027793534 -1.275025487 0.657680869 0.010243649 0.753226936 32.757930756
0.753152311 -0.029329611 -0.657192051 -17.010587692 0.015321043 0.999516726 -0.027048966 -1.281628728 0.657667816 0.010303132 0.753237605 32.955410004
0.753203928 -0.028536605 -0.657167792 -17.184316635 0.014931407 0.999542773 -0.026290346 -1.288078308 0.657617569 0.009989551 0.753285825 33.154209137
0.753509104 -0.028819719 -0.656805456 -17.372491837 0.015252779 0.999536097 -0.026359772 -1.293682575 0.657260537 0.009844221 0.753599167 33.372077942
0.753242433 -0.028209290 -0.657137871 -17.560314178 0.014585698 0.999550521 -0.026189396 -1.301419497 0.657581210 0.010142153 0.753315270 33.583591461
0.753035784 -0.029258734 -0.657328606 -17.740076065 0.014829647 0.999511719 -0.027501006 -1.310980439 0.657812357 0.010961292 0.753102124 33.791469574
0.753246009 -0.030216096 -0.657044291 -17.942550659 0.014745653 0.999468982 -0.029058840 -1.322116613 0.657573462 0.012199914 0.753291667 34.021610260
0.753404737 -0.030977232 -0.656827092 -18.127582550 0.014575589 0.999431133 -0.030416366 -1.329847455 0.657395542 0.013342193 0.753427505 34.233165741
0.753337026 -0.031505235 -0.656879604 -18.305574417 0.014824039 0.999411523 -0.030932903 -1.339421630 0.657467544 0.013565289 0.753360748 34.438945770
0.753013492 -0.031631544 -0.657244444 -18.487392426 0.015585955 0.999421060 -0.030242616 -1.349536657 0.657820523 0.012529310 0.753070474 34.652507782
0.753504992 -0.031667531 -0.656678975 -18.684253693 0.015834775 0.999423742 -0.030026382 -1.356643438 0.657251418 0.012226666 0.753572226 34.874774933
0.753399968 -0.031397402 -0.656812489 -18.864311218 0.015434274 0.999428630 -0.030071415 -1.364012837 0.657381415 0.012518371 0.753454030 35.081027985
0.753497243 -0.030789301 -0.656729698 -19.052778244 0.014450143 0.999437153 -0.030277032 -1.373174906 0.657292366 0.013323816 0.753517985 35.294536591
0.752644300 -0.031139407 -0.657690525 -19.230493546 0.014414921 0.999420881 -0.030823095 -1.380518079 0.658269584 0.013718266 0.752657354 35.497047424
0.742932379 -0.030982865 -0.668648958 -19.435943604 0.014131969 0.999431431 -0.030608229 -1.390152454 0.669217169 0.013290524 0.742947936 35.697219849
0.742289841 -0.029975280 -0.669408083 -19.627220154 0.013223287 0.999459505 -0.030091621 -1.398193359 0.669948399 0.013484929 0.742285192 35.907264709
0.742674112 -0.028824672 -0.669032276 -19.822811127 0.012404758 0.999493837 -0.029292151 -1.404541969 0.669538021 0.013455342 0.742655933 36.120559692
0.742478907 -0.029555982 -0.669217110 -19.994787216 0.012785324 0.999469459 -0.029956605 -1.411780000 0.669747472 0.013685990 0.742462873 36.314842224
0.742357552 -0.030699717 -0.669300199 -20.158666611 0.013253481 0.999427140 -0.031141941 -1.420806289 0.669872880 0.014247898 0.742339075 36.501556396
0.742000043 -0.029969037 -0.669729590 -20.295042038 0.011780590 0.999428928 -0.031670578 -1.429697275 0.670296192 0.015609762 0.741929352 36.643482208
0.728210807 -0.030735178 -0.684663594 -20.427263260 0.011557534 0.999402642 -0.032571461 -1.436548829 0.685255647 0.015805867 0.728131056 36.747673035
0.706821501 -0.031264503 -0.706700623 -20.558555603 0.010929672 0.999386311 -0.033281393 -1.442922354 0.707307339 0.015799999 0.706729412 36.815547943
0.704376638 -0.031188717 -0.709140778 -20.648109436 0.009901476 0.999368787 -0.034118272 -1.447255373 0.709757388 0.017010570 0.704240918 36.895809174
0.692800462 -0.031262025 -0.720451415 -20.742971420 0.009115730 0.999359667 -0.034598630 -1.450555682 0.721071661 0.017402507 0.692641795 36.955097198
0.674543858 -0.031229986 -0.737573981 -20.827507019 0.008155683 0.999359071 -0.034855634 -1.453825235 0.738189638 0.017496238 0.674366117 36.985134125
0.665896475 -0.031047229 -0.745397627 -20.892047882 0.007390708 0.999359131 -0.035022765 -1.456910491 0.746007442 0.017812517 0.665699303 37.017387390
0.664449692 -0.031157363 -0.746683061 -20.939590454 0.007333726 0.999354303 -0.035174694 -1.458928347 0.747296870 0.017895849 0.664249301 37.056308746
