0.987235308 0.157960713 -0.020366425 -64.524536133 -0.157382876 0.987157404 0.027405845 -3.591922522 0.024433915 -0.023850692 0.999416888 89.014289856
0.987681448 0.156477615 -0.000011722 -62.694667816 -0.156477630 0.987681508 -0.000028316 -6.112431049 0.000007150 0.000029801 1.000000000 89.640167236
0.987705588 0.156325504 -0.000056643 -62.697643280 -0.156325519 0.987705648 -0.000081670 -6.126791000 0.000043182 0.000089521 1.000000000 89.636787415
0.987698853 0.156367689 -0.000004923 -62.693298340 -0.156367704 0.987698913 0.000005882 -6.116722107 0.000005786 -0.000005037 1.000000000 89.640525818
0.987679005 0.156492740 -0.000001753 -62.694156647 -0.156492740 0.987679064 -0.000043867 -6.113461971 -0.000005127 0.000043602 1.000000000 89.640121460
0.987688839 0.156431079 0.000010187 -62.692699432 -0.156431094 0.987688899 -0.000084246 -6.121023178 -0.000023235 0.000081618 1.000000000 89.640403748
0.987682998 0.156467974 -0.000090424 -62.701747894 -0.156468004 0.987683058 -0.000149829 -6.124100208 0.000065873 0.000162136 1.000000000 89.634223938
0.987692893 0.156405628 -0.000043182 -62.697151184 -0.156405658 0.987692952 -0.000181600 -6.130681515 0.000014250 0.000186123 1.000000000 89.637229919
0.987708628 0.156305954 -0.000088744 -62.700527191 -0.156305969 0.987708628 -0.000221429 -6.140701294 0.000053047 0.000232582 0.999999940 89.634155273
0.987731576 0.156160817 -0.000137797 -62.703693390 -0.156160831 0.987731636 -0.000183133 -6.146846771 0.000107511 0.000202407 1.000000000 89.630813599
0.987719178 0.156239659 -0.000059078 -62.697490692 -0.156239659 0.987719178 -0.000135858 -6.137835979 0.000037132 0.000143423 1.000000000 89.635772705
0.987717927 0.156247243 -0.000041245 -62.695766449 -0.156247258 0.987717986 -0.000152556 -6.138579369 0.000016904 0.000157128 1.000000000 89.636909485
0.987693906 0.156399012 0.000026133 -62.691158295 -0.156399027 0.987693965 -0.000113446 -6.125625134 -0.000043551 0.000107966 1.000000000 89.641693115
0.987717330 0.156251296 -0.000000846 -62.692329407 -0.156251326 0.987717390 -0.000180975 -6.140858650 -0.000027434 0.000178889 1.000000000 89.639495850
0.987725019 0.156202391 0.000012262 -62.691062927 -0.156202406 0.987725139 -0.000172129 -6.143078327 -0.000038994 0.000168104 1.000000000 89.640243530
0.987696648 0.156381786 -0.000026474 -62.695648193 -0.156381786 0.987696648 -0.000220461 -6.135952473 -0.000008327 0.000221892 0.999999940 89.637657166
0.987703502 0.156338453 -0.000017427 -62.694557190 -0.156338453 0.987703502 -0.000139911 -6.131659985 -0.000004656 0.000140914 1.000000000 89.638969421
0.987713993 0.156272441 -0.000105197 -62.701667786 -0.156272456 0.987713933 -0.000156729 -6.137528896 0.000079419 0.000171246 1.000000000 89.632965088
0.987716377 0.156257197 -0.000033649 -62.694995880 -0.156257212 0.987716436 -0.000129098 -6.135811806 0.000013065 0.000132773 1.000000000 89.638481140
0.987716734 0.156254828 0.000076380 -62.685543060 -0.156254843 0.987716794 -0.000066133 -6.130568981 -0.000085773 0.000053389 1.000000000 89.645469666
0.987708032 0.156309843 -0.000029834 -62.695350647 -0.156309843 0.987708032 -0.000177857 -6.136571407 0.000001668 0.000180336 1.000000000 89.638000488
0.987710774 0.156292483 0.000096373 -62.684032440 -0.156292468 0.987710834 -0.000201846 -6.139771938 -0.000126732 0.000184306 1.000000000 89.646133423
0.987716496 0.156256616 0.000035137 -62.689281464 -0.156256601 0.987716496 -0.000229105 -6.144550323 -0.000070502 0.000220804 0.999999940 89.641708374
0.987703264 0.156339914 -0.000115763 -62.703197479 -0.156339943 0.987703204 -0.000247667 -6.140980244 0.000075624 0.000262722 0.999999940 89.631942749
0.987711668 0.156286880 -0.000137776 -62.704509735 -0.156286940 0.987711728 -0.000262449 -6.145499706 0.000095071 0.000280757 0.999999940 89.630424500
0.987716317 0.156257465 -0.000077853 -62.699104309 -0.156257480 0.987716317 -0.000307783 -6.151299477 0.000028807 0.000316170 1.000000000 89.633842468
0.987685144 0.156454295 -0.000063902 -62.699268341 -0.156454310 0.987685144 -0.000214813 -6.130757332 0.000029508 0.000222170 1.000000000 89.635475159
0.987707615 0.156312659 -0.000020934 -62.694595337 -0.156312674 0.987707675 -0.000112310 -6.130925179 0.000003124 0.000114205 1.000000000 89.638511658
0.987717271 0.156251401 -0.000126490 -62.703437805 -0.156251431 0.987717271 -0.000244163 -6.146296024 0.000086791 0.000260930 1.000000000 89.631126404
0.987708092 0.156309694 -0.000091309 -62.700641632 -0.156309709 0.987708032 -0.000236459 -6.142013550 0.000053227 0.000247827 0.999999940 89.633377075
0.987706482 0.156319857 0.000020998 -62.691047668 -0.156319857 0.987706542 -0.000233421 -6.140969753 -0.000057226 0.000227273 0.999999940 89.640335083
0.987695873 0.156386524 0.000006130 -62.692733765 -0.156386539 0.987695932 -0.000199290 -6.133816719 -0.000037216 0.000195885 1.000000000 89.639617920
0.987698317 0.156371340 0.000000747 -62.692909241 -0.156371355 0.987698376 -0.000190362 -6.133910656 -0.000030500 0.000187904 1.000000000 89.639793396
0.987711847 0.156285405 -0.000033349 -62.695232391 -0.156285420 0.987711966 -0.000184199 -6.138766289 0.000004155 0.000187149 1.000000000 89.637886047
0.987753630 0.155909464 0.005923666 -62.148334503 -0.155907601 0.987771392 -0.000780592 -6.216996670 -0.005972926 -0.000152509 0.999982119 89.987739563
0.988006651 0.153632477 0.015484940 -61.253673553 -0.153608993 0.988128066 -0.002704248 -6.537112236 -0.015716568 0.000293190 0.999876440 90.473670959
0.988489926 0.150466740 0.015729072 -61.206333160 -0.150418952 0.988613486 -0.004184088 -6.873350143 -0.016179537 0.001769982 0.999867499 90.356544495
0.988858342 0.148027867 0.015708219 -61.187850952 -0.148045436 0.988980651 -0.000046320 -6.647522449 -0.015541978 -0.002279727 0.999876559 90.283233643
0.989149630 0.146043405 0.015951630 -61.149223328 -0.146132946 0.989254415 0.004593169 -6.346352577 -0.015109424 -0.006874392 0.999862134 90.242553711
0.989452124 0.143960267 0.016121086 -61.116123199 -0.144115806 0.989520550 0.008935069 -6.080009937 -0.014665856 -0.011164127 0.999830008 90.206794739
0.989655435 0.142552778 0.016150132 -61.100948334 -0.142760649 0.989677906 0.012539926 -5.839113712 -0.014195830 -0.014715812 0.999790847 90.168876648
0.989625275 0.142776847 0.016016047 -61.113853455 -0.143033057 0.989585578 0.016185366 -5.491319656 -0.013538353 -0.018308274 0.999740720 90.129623413
0.989605129 0.142912060 0.016060332 -61.110469818 -0.143216833 0.989493906 0.019768085 -5.155953884 -0.013066498 -0.021862712 0.999675632 90.104324341
0.989624977 0.142792478 0.015894404 -61.123157501 -0.143129453 0.989446163 0.022587437 -4.907277584 -0.012501342 -0.024628056 0.999618590 90.071632385
0.989588201 0.143030763 0.016044013 -61.111465454 -0.143394560 0.989363790 0.024439592 -4.723448277 -0.012377745 -0.026485758 0.999572575 90.065765381
0.989584327 0.143060505 0.016017839 -61.113208771 -0.143448696 0.989302993 0.026494827 -4.535533905 -0.012056133 -0.028516609 0.999520600 90.046127319
0.989576876 0.143109575 0.016036265 -61.111011505 -0.143520266 0.989241600 0.028335471 -4.363673687 -0.011808660 -0.030341662 0.999469817 90.028266907
0.989592731 0.142999962 0.016037764 -61.109985352 -0.143425152 0.989219427 0.029565293 -4.258310318 -0.011637032 -0.031557821 0.999434114 90.016105652
0.989586413 0.143052354 0.015958797 -61.117935181 -0.143485755 0.989182591 0.030493846 -4.170424461 -0.011423951 -0.032466158 0.999407530 89.999633789
0.989603937 0.142937779 0.015897131 -61.122215271 -0.143378273 0.989173234 0.031292483 -4.104807854 -0.011252144 -0.033246469 0.999383807 89.987777710
0.989597380 0.142987311 0.015863014 -61.125518799 -0.143432409 0.989148915 0.031808998 -4.054590702 -0.011142608 -0.033753373 0.999368012 89.976463318
0.989602745 0.142956823 0.015802830 -61.130256653 -0.143408000 0.989128590 0.032542955 -3.990433931 -0.010978796 -0.034470852 0.999345362 89.966659546
0.989570677 0.143146381 0.016092030 -61.106155396 -0.143611640 0.989086807 0.032914467 -3.943806887 -0.011204829 -0.034882199 0.999328613 89.978492737
0.989538729 0.143300578 0.016676791 -61.053115845 -0.143790215 0.989049375 0.033257291 -3.901871920 -0.011728382 -0.035307337 0.999307573 90.012046814
0.989526808 0.142944992 0.020085804 -60.738021851 -0.143562749 0.989067197 0.033704910 -3.875273228 -0.015048269 -0.036235482 0.999229908 90.214027405
0.989116609 0.142591387 0.036279209 -59.244922638 -0.143923491 0.988888979 0.037212703 -3.537701607 -0.030569898 -0.042029127 0.998648524 91.151771545
0.987505019 0.141304091 0.069765374 -56.105842590 -0.144544095 0.988529325 0.043786790 -2.904636145 -0.062777847 -0.053323835 0.996601939 93.012145996
0.984651864 0.139471903 0.104921222 -52.736865997 -0.145624146 0.987896621 0.053423636 -1.970283866 -0.096200213 -0.067882732 0.993044436 94.818771362
0.984986067 0.135247886 0.107288159 -52.469783783 -0.141749799 0.988348246 0.055454157 -2.032606840 -0.098537982 -0.069829635 0.992680252 94.781089783
0.985326290 0.132860586 0.107145973 -52.460533142 -0.139169469 0.988811851 0.053695101 -2.354931831 -0.098813228 -0.067818642 0.992792249 94.588211060
0.985464334 0.131677687 0.107336208 -52.432033539 -0.137817159 0.989096344 0.051911432 -2.599858046 -0.099330284 -0.065949634 0.992866635 94.439483643
0.985613942 0.130678639 0.107183211 -52.435661316 -0.136654928 0.989334822 0.050419133 -2.808084488 -0.099451378 -0.064340912 0.992960095 94.292098999
0.985594809 0.130749881 0.107272133 -52.426334381 -0.136605322 0.989405394 0.049153984 -2.925396681 -0.099708743 -0.063099854 0.993013859 94.180351257
0.985552609 0.130728751 0.107684024 -52.386936188 -0.136460468 0.989497960 0.047668479 -3.066308022 -0.100321524 -0.061674420 0.993041635 94.099899292
0.985512495 0.130811036 0.107951567 -52.360923767 -0.136382133 0.989591718 0.045916755 -3.229114771 -0.100821584 -0.059974208 0.993095160 93.973731995
0.985703707 0.129194841 0.108151719 -52.326812744 -0.134613156 0.989904702 0.044364609 -3.476335287 -0.101328224 -0.058289006 0.993143916 93.819869995
0.985927880 0.127489626 0.108131692 -52.311203003 -0.132813126 0.990185380 0.043519240 -3.665621042 -0.101522140 -0.057268135 0.993183494 93.611587524
0.986370444 0.124149054 0.107983775 -52.293029785 -0.129463017 0.990623057 0.043650735 -3.862115383 -0.101552024 -0.057035699 0.993193865 93.362808228
0.986398816 0.123600930 0.108352192 -52.250915527 -0.129513204 0.990350664 0.049315359 -3.357902765 -0.101211235 -0.062677659 0.992888570 93.119873047
0.986325741 0.123917475 0.108656093 -52.223838806 -0.130589157 0.989821076 0.056575827 -2.649132013 -0.100539342 -0.069991499 0.992468119 92.809814453
0.986305416 0.124060124 0.108677596 -52.220302582 -0.131358057 0.989346325 0.062761150 -2.059524059 -0.099733628 -0.076177336 0.992093801 92.460891724
0.986241043 0.124366507 0.108910441 -52.200298309 -0.131838620 0.989183307 0.064304009 -1.895878911 -0.099735104 -0.077777863 0.991969466 92.093566895
0.986136615 0.124927960 0.109214827 -52.175045013 -0.132472813 0.989068031 0.064771876 -1.814165354 -0.099929079 -0.078341901 0.991905570 91.705223083
0.985973358 0.125737563 0.109756596 -52.128292084 -0.133370414 0.988919854 0.065192491 -1.722169399 -0.100343324 -0.078916341 0.991818130 91.210769653
0.986409366 0.122346938 0.109670468 -52.102550507 -0.131673038 0.987875462 0.082246341 -0.349360287 -0.098278157 -0.095569223 0.990559399 90.737617493
0.987562180 0.113402598 0.108907208 -52.085227966 -0.124400258 0.987166107 0.100138262 0.736631751 -0.096153565 -0.112440832 0.988995254 90.252487183
0.988138974 0.107958533 0.109206855 -52.000160217 -0.118551239 0.988329470 0.095657907 -0.016517520 -0.097605273 -0.107469924 0.989405572 89.827873230
0.988135278 0.101196244 0.115533553 -51.350772858 -0.111645356 0.989856362 0.087861575 -1.109594822 -0.105470367 -0.099717908 0.989410102 89.752677917
0.980894446 0.091942042 0.171443164 -46.069458008 -0.107480302 0.990681767 0.083651826 -1.723748446 -0.162154511 -0.100480378 0.981636226 92.118385315
0.961832225 0.088752419 0.258847177 -37.568344116 -0.112651214 0.990490913 0.078977518 -1.801038146 -0.249376312 -0.105122566 0.962684035 95.522895813
0.942055106 0.078447513 0.326156646 -30.607278824 -0.102969572 0.992957771 0.058585133 -4.115878582 -0.319264054 -0.088774644 0.943498552 97.542579651
0.939538777 0.073295079 0.334506840 -29.674837112 -0.086267158 0.995981276 0.024067717 -8.018169403 -0.331398457 -0.051469501 0.942085862 97.241950989
0.940783858 0.078311242 0.329837859 -30.213911057 -0.077891216 0.996856213 -0.014510922 -11.703146935 -0.329937309 -0.012039833 0.943926036 96.401641846
0.941191554 0.088184044 0.326162636 -30.700592041 -0.079002090 0.996017873 -0.041319251 -13.818858147 -0.328507453 0.013121802 0.944410205 95.748497009
0.942501247 0.086612724 0.322784305 -31.027448654 -0.073698685 0.995921850 -0.052042186 -15.008678436 -0.325975418 0.025261052 0.945040703 95.287651062
0.943741083 0.082398310 0.320254952 -31.237323761 -0.067705311 0.996089280 -0.056766652 -15.751999855 -0.323679924 0.031890064 0.945629001 94.943778992
0.944009364 0.084541813 0.318902820 -31.398286819 -0.069701470 0.995898664 -0.057685997 -15.705706596 -0.322471827 0.032228120 0.946030259 94.783905029
0.943810523 0.086939856 0.318846285 -31.427919388 -0.072226375 0.995717525 -0.057706639 -15.554894447 -0.322497904 0.031435024 0.946048081 94.712272644
0.943553567 0.089760810 0.318825930 -31.458351135 -0.075072452 0.995484650 -0.058090143 -15.412887573 -0.322600454 0.030876126 0.946031511 94.627845764
0.943081439 0.093726128 0.319081277 -31.474609375 -0.078982189 0.995136380 -0.058868002 -15.239065170 -0.323046774 0.030315608 0.945897341 94.510688782
0.942772448 0.097190239 0.318957984 -31.521541595 -0.082313791 0.994809091 -0.059827883 -15.113927841 -0.323116869 0.030149464 0.945878685 94.379707336
0.942355454 0.103557318 0.318185627 -31.661954880 -0.089834303 0.994292915 -0.057546452 -14.474068642 -0.322328955 0.025645252 0.946280122 94.283653259
0.941634774 0.112211935 0.317383677 -31.825037003 -0.100195110 0.993501902 -0.053990118 -13.558121681 -0.321379662 0.019038711 0.946759045 94.188766479
0.941383004 0.116670690 0.316521883 -31.953750610 -0.107936583 0.993136406 -0.045052920 -12.371533394 -0.319605827 0.008247770 0.947514713 94.115921021
0.942046642 0.113934189 0.315542877 -32.025428772 -0.109564222 0.993476868 -0.031616542 -11.196942329 -0.317086726 -0.004787963 0.948384464 94.074249268
0.942367554 0.113659479 0.314682007 -32.107402802 -0.113677174 0.993348122 -0.018360643 -9.886858940 -0.314675659 -0.018469706 0.949019611 94.055976868
0.942408502 0.115402184 0.313924104 -32.197307587 -0.119789705 0.992784798 -0.005347431 -8.474061966 -0.312276185 -0.032565419 0.949432969 94.018333435
0.941658437 0.120388940 0.314302117 -32.204971313 -0.127856508 0.991787612 0.003171797 -7.301864147 -0.311339051 -0.043172311 0.949317694 93.961624146
0.941002965 0.124963470 0.314479679 -32.225875854 -0.135067865 0.990781367 0.010454702 -6.281730175 -0.310274154 -0.052314010 0.949206710 93.886398315
0.940718472 0.126319647 0.314789206 -32.206653595 -0.138262987 0.990269363 0.015807688 -5.658928871 -0.309729308 -0.058394287 0.949029982 93.781936646
0.941383958 0.122322321 0.314377964 -32.209781647 -0.135497034 0.990569472 0.020313051 -5.472097397 -0.308928460 -0.061719663 0.949080586 93.625694275
0.941744387 0.119791970 0.314272910 -32.196353912 -0.133606628 0.990774274 0.022707952 -5.397436619 -0.308653295 -0.063374028 0.949061036 93.471237183
0.941957176 0.118382752 0.314169139 -32.191947937 -0.131779969 0.991042078 0.021672413 -5.591075897 -0.308789253 -0.061815690 0.949119687 93.287368774
0.942879677 0.111207217 0.314023614 -32.137451172 -0.123334050 0.992184281 0.018951103 -6.320807934 -0.309461892 -0.056598417 0.949226022 93.042327881
0.943471730 0.106872633 0.313750118 -32.119178772 -0.117051914 0.993030906 0.013728596 -7.114536285 -0.310096383 -0.049677603 0.949406385 92.787704468
0.943184912 0.106914885 0.314596832 -32.036365509 -0.114371806 0.993424058 0.005282789 -7.943747520 -0.311963230 -0.040963646 0.949210644 92.559349060
0.942931890 0.107089743 0.315295339 -31.968505859 -0.111439563 0.993762195 -0.004255772 -8.868825912 -0.313784271 -0.031123461 0.948984027 92.291702271
0.942931235 0.105930150 0.315688998 -31.916929245 -0.107417710 0.994132400 -0.012737509 -9.771431923 -0.315185905 -0.021899985 0.948777199 92.003936768
0.944088638 0.095309094 0.315615058 -31.814409256 -0.095993564 0.995291591 -0.013414795 -10.505537033 -0.315407604 -0.017632261 0.948792517 91.700386047
0.945104361 0.085701734 0.315329790 -31.733634949 -0.088760138 0.996042132 -0.004677434 -10.253797531 -0.314482659 -0.023568051 0.948970556 91.505966187
0.944915652 0.085983112 0.315818548 -31.686424255 -0.093372159 0.995596528 0.008309622 -8.967206955 -0.313713402 -0.037340555 0.948783219 91.420234680
0.945033669 0.083936319 0.316016108 -31.641355515 -0.095607474 0.995185137 0.021581478 -7.804289341 -0.312683046 -0.050608717 0.948508322 91.293945312
0.945973575 0.073146239 0.315885723 -31.526750565 -0.087499544 0.995667160 0.031476427 -7.524631977 -0.312214613 -0.057415720 0.948274970 91.069267273
0.946138322 0.068804383 0.316367239 -31.424077988 -0.081291460 0.996339917 0.026426313 -8.285288811 -0.313391000 -0.050720897 0.948268652 90.740097046
0.945899487 0.068871550 0.317066103 -31.354980469 -0.077741794 0.996854722 0.015394223 -9.344453812 -0.315008581 -0.039210681 0.948278666 90.359886169
0.946162820 0.065443546 0.317006499 -31.316539764 -0.072371557 0.997326434 0.010115576 -10.063508987 -0.315496981 -0.032513238 0.948369443 90.046127319
0.946413040 0.061637864 0.317022085 -31.264678955 -0.067742176 0.997668803 0.008257795 -10.475529671 -0.315774053 -0.029291052 0.948382080 89.802413940
0.946349800 0.063514456 0.316840678 -31.302768707 -0.069883697 0.997516692 0.008766831 -10.311144829 -0.315497071 -0.030438483 0.948438227 89.625526428
0.946300030 0.066701986 0.316333801 -31.388174057 -0.073671527 0.997231364 0.010109767 -9.986361504 -0.314783663 -0.032871664 0.948594093 89.477378845
0.946132779 0.070296213 0.316055655 -31.456960678 -0.077789381 0.996907651 0.011138112 -9.666455269 -0.314295262 -0.035123892 0.948675275 89.357940674
0.946108818 0.073661998 0.315360188 -31.560962677 -0.081345081 0.996622562 0.011250937 -9.449999809 -0.313466311 -0.036297608 0.948905349 89.222869873
0.945717394 0.078620762 0.315337121 -31.619741440 -0.086366013 0.996206641 0.010640336 -9.200022697 -0.313304335 -0.037297148 0.948920012 89.075302124
0.945362866 0.083749786 0.315079331 -31.701267242 -0.091854706 0.995712578 0.010934739 -8.854652405 -0.312812716 -0.039278820 0.949002326 88.896263123
0.944978416 0.089212403 0.314733386 -31.790969849 -0.098317116 0.995068610 0.013138360 -8.311850548 -0.312009245 -0.043359134 0.949089170 88.677886963
0.943744421 0.097514331 0.315970570 -31.761550903 -0.107000366 0.994177043 0.012768611 -7.827430248 -0.312885553 -0.045859266 0.948683023 88.470428467
0.933606148 0.108715311 0.341409385 -29.485282898 -0.120284885 0.992656469 0.012834332 -7.047881603 -0.337506950 -0.053048600 0.939826965 89.006866455
0.928886056 0.119865984 0.350432128 -28.723035812 -0.131977290 0.991194189 0.010790655 -6.511938572 -0.346052825 -0.056272365 0.936525941 88.951911926
0.928037763 0.126233935 0.350443810 -28.775030136 -0.139271170 0.990179896 0.012140586 -5.981523514 -0.345469832 -0.060073636 0.936505079 88.589195251
0.926625848 0.137399420 0.349979967 -28.909027100 -0.153667673 0.987939835 0.019001259 -4.623540878 -0.343148410 -0.071387663 0.936564386 88.212829590
0.927137196 0.136770427 0.348870277 -29.008893967 -0.158338830 0.986801684 0.033928160 -3.249488831 -0.339625478 -0.086695783 0.936556697 87.884506226
0.926950216 0.138483897 0.348691225 -29.036268234 -0.164835677 0.985204518 0.046916865 -1.913727283 -0.337034971 -0.100966349 0.936062574 87.597335815
0.926529288 0.140779510 0.348890513 -29.033832550 -0.169952169 0.983955204 0.054300517 -1.070495129 -0.335648239 -0.109605730 0.935589015 87.334747314
0.926483274 0.139902294 0.349365473 -28.983716965 -0.170550108 0.983617127 0.058395915 -0.737080455 -0.335472167 -0.113687158 0.935165048 87.111869812
0.927045941 0.137719750 0.348739445 -29.022687912 -0.169054776 0.983722448 0.060915135 -0.640712976 -0.334673524 -0.115427181 0.935238004 86.882080078
0.926457644 0.139810786 0.349470139 -28.969800949 -0.171445012 0.983295679 0.061124537 -0.483811438 -0.335086584 -0.116544202 0.934951603 86.729568481
0.920786142 0.139861926 0.364131212 -27.592605591 -0.173801243 0.982827544 0.061993118 -0.283294916 -0.349207669 -0.120368868 0.929282188 87.029548645
0.909353018 0.136004061 0.393166572 -24.796476364 -0.174662396 0.982539952 0.064095914 -0.078525901 -0.377584428 -0.126957223 0.917230546 87.743171692
0.897476435 0.131715834 0.420935929 -22.065029144 -0.175086275 0.982344270 0.065913856 0.080413878 -0.404822230 -0.132856250 0.904692352 88.368576050
0.886073887 0.128064275 0.445502669 -19.602972031 -0.176005334 0.982054353 0.067760877 0.267284155 -0.428830147 -0.138451993 0.892712593 88.855430603
0.877262890 0.125118658 0.463416785 -17.774997711 -0.176482916 0.981883228 0.068987615 0.384804010 -0.446389556 -0.142305434 0.883450985 89.172142029
0.869583607 0.122849576 0.478259414 -16.243844986 -0.177233174 0.981669903 0.070090279 0.507777214 -0.460882366 -0.145712823 0.875417173 89.408523560
0.862442136 0.120800026 0.491528988 -14.862230301 -0.177831069 0.981510520 0.070804603 0.595310688 -0.473887682 -0.148474008 0.867978036 89.602081299
0.858895719 0.119917646 0.497913688 -14.190218925 -0.178329617 0.981387138 0.071259178 0.656779885 -0.480100870 -0.149996951 0.864293993 89.685363770
0.855980694 0.119074821 0.503108442 -13.640766144 -0.178546935 0.981328845 0.071517743 0.688970447 -0.485198885 -0.151046306 0.861258924 89.745292664
0.854933202 0.118931115 0.504920304 -13.450221062 -0.179592714 0.981027901 0.073011607 0.856517434 -0.486657470 -0.153100029 0.860072553 89.699729919
0.854980111 0.118853100 0.504859269 -13.455371857 -0.180582345 0.980700672 0.074941680 1.052807808 -0.486208767 -0.155242324 0.859942377 89.578865051
0.854694843 0.120529264 0.504944682 -13.459499359 -0.182717815 0.980278671 0.075286895 1.203498721 -0.485912144 -0.156609729 0.859862089 89.445320129
0.854544401 0.121190943 0.505041122 -13.453714371 -0.183602840 0.980098784 0.075474419 1.266623616 -0.485843420 -0.157223240 0.859789014 89.333244324
0.854536474 0.121013321 0.505097151 -13.447038651 -0.183311269 0.980166912 0.075298183 1.237186670 -0.485967457 -0.156935066 0.859771490 89.232009888
0.854278684 0.122086458 0.505274951 -13.436721802 -0.183909446 0.980145156 0.074113064 1.187584519 -0.486194611 -0.156238064 0.859770060 89.136520386
0.854173660 0.123008743 0.505228817 -13.447477341 -0.184249461 0.980175436 0.072859824 1.117420316 -0.486250401 -0.155323073 0.859904289 89.045562744
0.854019582 0.123983063 0.505250871 -13.452746391 -0.184776679 0.980153680 0.071806781 1.072219610 -0.486320704 -0.154682994 0.859979868 88.967262268
0.853831291 0.125025257 0.505312562 -13.454353333 -0.185490847 0.980082631 0.070931979 1.048557758 -0.486379772 -0.154294789 0.860016227 88.893074036
0.853536248 0.125826046 0.505612254 -13.429940224 -0.185601950 0.980171561 0.069394827 0.947726369 -0.486855119 -0.153073624 0.859965503 88.812271118
0.853262663 0.127703473 0.505603611 -13.442998886 -0.187273502 0.979913592 0.068542078 0.982864261 -0.486694634 -0.153170526 0.860039055 88.717468262
0.849746048 0.128369108 0.511324584 -12.854221344 -0.188905418 0.979638696 0.067992575 1.037649989 -0.492185175 -0.154368415 0.856693625 88.678291321
0.841674924 0.122422867 0.525923729 -11.282876015 -0.188210815 0.979395092 0.073227324 1.372721910 -0.506122410 -0.160618156 0.847373545 88.711776733
0.842215300 0.119441010 0.525744438 -11.274721146 -0.188199848 0.978941560 0.079085976 1.791115761 -0.505226851 -0.165552408 0.846958160 88.506256104
0.842602909 0.118220299 0.525399029 -11.299702644 -0.190734342 0.977880180 0.085854769 2.417602062 -0.503627479 -0.172553122 0.846513271 88.246658325
0.833645940 0.114758432 0.540245354 -9.716123581 -0.194759473 0.976420701 0.093120500 3.164527893 -0.516820431 -0.182847440 0.836339355 88.161201477
0.812131047 0.106309131 0.573708475 -6.069299221 -0.193914831 0.976548135 0.093546234 3.144769907 -0.550309002 -0.187222362 0.813700020 88.221939087
0.811118484 0.103341356 0.575679898 -5.829228878 -0.190317154 0.977335453 0.092708781 2.878358841 -0.553051591 -0.184759542 0.812402427 88.027427673
0.811518490 0.101025045 0.575527191 -5.823695660 -0.187032670 0.978031874 0.092045635 2.640741587 -0.553585052 -0.182339132 0.812586010 87.843345642
0.811414301 0.100629866 0.575743437 -5.797715187 -0.186214209 0.978243232 0.091458030 2.555479527 -0.554013848 -0.181421980 0.812499046 87.688674927
0.811503589 0.099605404 0.575795650 -5.782646656 -0.185754299 0.978225589 0.092574008 2.610264301 -0.554037333 -0.182080686 0.812335670 87.551483154
0.811617792 0.099158145 0.575711846 -5.785566807 -0.186662048 0.977846384 0.094729356 2.811908960 -0.553564668 -0.184347630 0.812146783 87.438903809
0.811459541 0.099659547 0.575848281 -5.775527954 -0.188515276 0.977316797 0.096507318 3.042777061 -0.553168416 -0.186868012 0.811840594 87.304801941
0.811621368 0.099346250 0.575674474 -5.789714813 -0.189549059 0.976903021 0.098650232 3.252082825 -0.552577555 -0.189185172 0.811706305 87.151878357
0.811035275 0.101414114 0.576139808 -5.757927418 -0.192515180 0.976271331 0.099158064 3.453154564 -0.552412748 -0.191336334 0.811314225 86.968933105
0.809920728 0.107819065 0.576544464 -5.766650677 -0.197197467 0.975795031 0.094537348 3.395479441 -0.552396297 -0.190260857 0.811578155 86.782958984
0.808088839 0.116021149 0.577521980 -5.727116585 -0.201984763 0.975548923 0.086641438 3.116797447 -0.553348660 -0.186664611 0.811764538 86.572677612
0.807913065 0.118341677 0.577296734 -5.766458035 -0.198914394 0.976898491 0.078118831 2.351850271 -0.554715633 -0.177945867 0.812788904 86.338104248
0.808557153 0.117923632 0.576480210 -5.847694874 -0.192225054 0.978895962 0.069369189 1.372887850 -0.556133926 -0.166902900 0.814161241 86.093818665
0.807534933 0.123587176 0.576726615 -5.860966206 -0.192718714 0.979420066 0.059964869 0.760756671 -0.557446718 -0.159569740 0.814733505 85.833770752
0.806067288 0.130503520 0.577255785 -5.852259636 -0.196177453 0.979158103 0.052573998 0.452388942 -0.558363497 -0.155622721 0.814869046 85.591285706
0.805659115 0.132540271 0.577361763 -5.855175972 -0.197470114 0.978991210 0.050813623 0.404111624 -0.558497131 -0.154950142 0.814905763 85.357917786
0.806107700 0.130179763 0.577272594 -5.848001480 -0.195418671 0.979338586 0.052035116 0.372713923 -0.558571279 -0.154755741 0.814891875 85.113708496
0.806500793 0.127676383 0.577282667 -5.830725670 -0.193041176 0.979758322 0.052999802 0.305079222 -0.558830559 -0.154183686 0.814822614 84.851913452
0.807126999 0.125161365 0.576958001 -5.845383167 -0.190160096 0.980301857 0.053361639 0.167893469 -0.558914185 -0.152784005 0.815028727 84.578186035
0.807416737 0.122915819 0.577035308 -5.822292805 -0.187525541 0.980803311 0.053471621 0.032193780 -0.559385598 -0.151382744 0.814966857 84.351867676
0.807830215 0.121058188 0.576849341 -5.826863766 -0.185692728 0.981114745 0.054149739 -0.026378691 -0.559400141 -0.150860533 0.815053642 84.154304504
0.804925442 0.119574904 0.581202865 -5.363728523 -0.184729323 0.981307745 0.053945962 -0.093482852 -0.563888311 -0.150787696 0.811968505 84.014198303
0.787703991 0.116644546 0.604910254 -2.851264000 -0.184556410 0.981494367 0.051065169 -0.296010733 -0.587759554 -0.151864320 0.794654548 83.980865479
0.766134143 0.112452596 0.632766068 0.174998283 -0.183849901 0.981775582 0.048122793 -0.527748704 -0.615822613 -0.153202489 0.772846162 83.910018921
0.760717809 0.112416379 0.639273643 0.887729645 -0.184027702 0.981828392 0.046333157 -0.640218616 -0.622448504 -0.152890548 0.767582119 83.801338196
0.760295212 0.113122769 0.639651775 0.925371170 -0.183479473 0.982019722 0.044414483 -0.796359599 -0.623126328 -0.151131094 0.767380595 83.711814880
0.753429830 0.112584695 0.647818029 1.828309059 -0.183696911 0.982043147 0.042974588 -0.880436778 -0.631346941 -0.151380509 0.760581970 83.622909546
0.744925857 0.110735655 0.657892883 2.960319519 -0.183334589 0.982141137 0.042275332 -0.947447836 -0.641462266 -0.152106509 0.751923978 83.531898499
0.744215131 0.111581273 0.658554256 3.028036118 -0.183689088 0.982121587 0.041177809 -0.999257147 -0.642185628 -0.151614368 0.751405776 83.481361389
0.744573534 0.111903153 0.658094168 2.975354195 -0.183363497 0.982212961 0.040442336 -1.065461040 -0.641863108 -0.150782749 0.751848638 83.450225830
0.743875265 0.111803465 0.658900380 3.066190720 -0.183052093 0.982289910 0.039982542 -1.112744093 -0.642761052 -0.150355130 0.751166821 83.420211792
0.744235694 0.112006098 0.658458769 3.015924454 -0.181722090 0.982605755 0.038250290 -1.298443913 -0.642720997 -0.148123711 0.751644254 83.341049194
0.744797528 0.112132683 0.657801628 2.944685936 -0.179873109 0.983027577 0.036089186 -1.540258050 -0.642590284 -0.145199955 0.752326131 83.241096497
0.744962752 0.112243809 0.657595634 2.920356750 -0.178393275 0.983363152 0.034245834 -1.742133617 -0.642811418 -0.142822489 0.752592325 83.141830444
0.744642496 0.113701135 0.657707870 2.922370911 -0.178113207 0.983501434 0.031633250 -1.928341746 -0.643259943 -0.140701935 0.752608538 83.022003174
0.744060695 0.116796896 0.657823801 2.913582802 -0.179237798 0.983403385 0.028131135 -2.097414494 -0.643620670 -0.138838187 0.752646208 82.871315002
0.743697584 0.119092226 0.657822907 2.899120331 -0.179472327 0.983448863 0.024857758 -2.297435284 -0.643974900 -0.136547670 0.752762258 82.712158203
0.743267059 0.121608555 0.657849073 2.886838913 -0.180118635 0.983405232 0.021715863 -2.465919733 -0.644291401 -0.134631574 0.752836645 82.564292908
0.742861688 0.124258049 0.657811940 2.866487503 -0.181295931 0.983244956 0.019004975 -2.577943802 -0.644428730 -0.133376688 0.752942443 82.399276733
0.742847562 0.124386340 0.657803655 2.864339828 -0.181563094 0.983193457 0.019120999 -2.553131819 -0.644369781 -0.133636832 0.752946675 82.239913940
0.743023157 0.123947933 0.657687902 2.855327606 -0.182157069 0.983055234 0.020525336 -2.433967829 -0.643999457 -0.135053292 0.753010750 82.084373474
0.742847443 0.123957075 0.657884777 2.876773834 -0.182828754 0.982915282 0.021241659 -2.351591825 -0.644011974 -0.136059567 0.752819061 81.899612427
0.742915154 0.123766229 0.657844245 2.873174667 -0.183060452 0.982859552 0.021819081 -2.301224470 -0.643867910 -0.136634961 0.752837718 81.727874756
0.742636681 0.123932458 0.658127367 2.901187897 -0.183797821 0.982710063 0.022344206 -2.229440212 -0.643979192 -0.137556002 0.752574921 81.551712036
0.743058980 0.122853339 0.657852888 2.880004883 -0.182659268 0.982912779 0.022759629 -2.261695385 -0.643815875 -0.137074649 0.752802432 81.371688843
0.742824674 0.122638442 0.658157468 2.912340164 -0.182454452 0.982950687 0.022766784 -2.274532318 -0.644144177 -0.136995479 0.752535999 81.190353394
0.743186355 0.121949784 0.657877207 2.887749672 -0.181483194 0.983130395 0.022775229 -2.325106144 -0.644001544 -0.136319876 0.752780795 81.027740479
0.743211806 0.121912211 0.657855451 2.886256218 -0.181362972 0.983154297 0.022698887 -2.336079359 -0.644006073 -0.136180699 0.752802074 80.873382568
0.743041217 0.122241929 0.657986879 2.898726463 -0.181348488 0.983169794 0.022135455 -2.372498035 -0.644206882 -0.135772467 0.752703965 80.730926514
0.742979348 0.122970842 0.657920957 2.887211800 -0.181434229 0.983176231 0.021126973 -2.431545496 -0.644254088 -0.135066271 0.752790570 80.576515198
0.742851079 0.123628199 0.657942593 2.886489868 -0.181636184 0.983155429 0.020340506 -2.471029043 -0.644345164 -0.134616137 0.752793431 80.401168823
0.742931724 0.124115892 0.657759666 2.864468575 -0.181905448 0.983113527 0.019951515 -2.482867479 -0.644176185 -0.134472683 0.752963543 80.233871460
0.742761493 0.124573298 0.657865465 2.872611046 -0.181502134 0.983211875 0.018743718 -2.579701900 -0.644486248 -0.133326113 0.752902210 80.029724121
0.742897987 0.124212652 0.657779455 2.865162849 -0.180134743 0.983482182 0.017727531 -2.715841532 -0.644712448 -0.131658673 0.753001869 79.765975952
0.742457390 0.125486538 0.658035040 2.883871078 -0.180333659 0.983476698 0.015921589 -2.820846796 -0.645164073 -0.130486950 0.752818823 79.476974487
0.742573917 0.127324224 0.657550335 2.825129509 -0.180363074 0.983511031 0.013243315 -2.984111547 -0.645021796 -0.128431946 0.753294170 79.162796021
0.742334962 0.127815470 0.657724917 2.839420319 -0.180905551 0.983413637 0.013070873 -2.965704203 -0.645144880 -0.128689036 0.753144741 78.862342834
0.742359936 0.127668783 0.657725096 2.839459419 -0.181760892 0.983238697 0.014296435 -2.846637011 -0.644875586 -0.130161807 0.753122330 78.591293335
0.742369294 0.127927914 0.657664239 2.831878662 -0.182750091 0.983043909 0.015067414 -2.747727156 -0.644585192 -0.131373763 0.753160417 78.337768555
0.742335379 0.127833307 0.657720864 2.837065697 -0.183421433 0.982904553 0.015982898 -2.659585238 -0.644433737 -0.132504791 0.753092051 78.137069702
0.741965413 0.128234848 0.658060014 2.868989944 -0.184243038 0.982746840 0.016228870 -2.604287148 -0.644625366 -0.133284241 0.752790451 77.930908203
0.742216110 0.128264353 0.657771587 2.839947701 -0.184149951 0.982765496 0.016153444 -2.611426592 -0.644363344 -0.133117959 0.753044188 77.711959839
0.742165029 0.128627852 0.657758296 2.836696625 -0.184413522 0.982720137 0.015902609 -2.613740444 -0.644346833 -0.133101881 0.753061175 77.481887817
0.742016017 0.129551396 0.657745242 2.831745148 -0.184694171 0.982684493 0.014804953 -2.667404890 -0.644438088 -0.132467225 0.753094912 77.263458252
0.741570234 0.131449446 0.657871544 2.833925247 -0.185783297 0.982503355 0.013105651 -2.715992689 -0.644638300 -0.131940305 0.753016114 77.033248901
0.741339087 0.133018047 0.657816470 2.819231987 -0.187000722 0.982285142 0.012114745 -2.717242002 -0.644551873 -0.131993294 0.753080785 76.817276001
0.741612911 0.133073643 0.657496393 2.787010193 -0.186021537 0.982484519 0.010970696 -2.834564686 -0.644520044 -0.130444497 0.753377795 76.574501038
0.741677761 0.133500844 0.657336771 2.768955231 -0.186136052 0.982468128 0.010485727 -2.859647751 -0.644412458 -0.130131081 0.753524005 76.339172363
0.741014600 0.135325879 0.657711327 2.796121597 -0.187085718 0.982305467 0.008669334 -2.920449018 -0.644900203 -0.129472494 0.753220141 76.084648132
0.740925312 0.136578485 0.657553017 2.773998260 -0.187272444 0.982283175 0.006989772 -3.011934757 -0.644948542 -0.128320456 0.753375828 75.805145264
0.741057575 0.136727124 0.657373011 2.755376816 -0.187287554 0.982281446 0.006824664 -3.021729946 -0.644792259 -0.128175244 0.753534436 75.530372620
0.740983725 0.136709660 0.657460153 2.763727188 -0.187927380 0.982153654 0.007576493 -2.944090843 -0.644691169 -0.129168838 0.753451288 75.256866455
0.741040707 0.136823639 0.657372057 2.754352570 -0.188852921 0.981968522 0.008505353 -2.843428850 -0.644354880 -0.130449429 0.753518164 74.970230103
0.741008103 0.136666179 0.657441318 2.760993004 -0.189555496 0.981823683 0.009552306 -2.747805834 -0.644185960 -0.131699950 0.753445148 74.713752747
0.741066098 0.136977404 0.657311440 2.747283936 -0.190211654 0.981693506 0.009872903 -2.695521593 -0.643925965 -0.132344767 0.753554344 74.452102661
0.741117299 0.136769146 0.657297075 2.745759010 -0.190029606 0.981727600 0.009986626 -2.697837353 -0.643920720 -0.132307172 0.753565431 74.175720215
0.741194427 0.135685727 0.657434642 2.765276909 -0.189303488 0.981859446 0.010778827 -2.686487675 -0.644045830 -0.132443860 0.753434479 73.926582336
0.741339982 0.134546995 0.657504499 2.777545929 -0.188125923 0.982081771 0.011146884 -2.722344398 -0.644223213 -0.131957233 0.753368139 73.660369873
0.741583228 0.134165466 0.657308161 2.761210442 -0.187178284 0.982267916 0.010682737 -2.793113708 -0.644219398 -0.130955935 0.753546238 73.403457642
0.741304755 0.133877844 0.657680869 2.797334671 -0.186507210 0.982400239 0.010243649 -2.851958513 -0.644734383 -0.130255878 0.753226936 73.116401672
0.741483033 0.132951409 0.657667816 2.800653458 -0.185327396 0.982622862 0.010303132 -2.904303074 -0.644869566 -0.129523441 0.753237605 72.851303101
0.741594970 0.132574648 0.657617569 2.797546387 -0.184548229 0.982772648 0.009989551 -2.958928823 -0.644964278 -0.128770366 0.753285825 72.585189819
0.741846144 0.132939801 0.657260537 2.760617256 -0.184826806 0.982721806 0.009844221 -2.956187725 -0.644595563 -0.128782257 0.753599167 72.298789978
0.741687059 0.132239208 0.657581210 2.796454430 -0.184226140 0.982831538 0.010142153 -2.966867924 -0.644950509 -0.128665984 0.753315270 72.014099121
0.741444826 0.132447824 0.657812357 2.816339493 -0.185256600 0.982629001 0.010961292 -2.871379375 -0.644933701 -0.129991278 0.753102124 71.742088318
0.741665602 0.132397756 0.657573462 2.795289993 -0.186195493 0.982437074 0.012199914 -2.756755590 -0.644409180 -0.131485462 0.753291667 71.440650940
0.741848946 0.132254615 0.657395542 2.779538155 -0.186941341 0.982280612 0.013342193 -2.659806728 -0.643982291 -0.132792294 0.753427505 71.163818359
0.741743207 0.132489413 0.657467544 2.784296989 -0.187459767 0.982178628 0.013565289 -2.622651577 -0.643953383 -0.133310691 0.753360748 70.892700195
0.741304457 0.133191332 0.657820523 2.811090469 -0.187586010 0.982168317 0.012529310 -2.672596931 -0.644421697 -0.132685974 0.753070474 70.608940125
0.741751015 0.133513987 0.657251418 2.759252548 -0.187621981 0.982165277 0.012226666 -2.689510107 -0.643897057 -0.132383943 0.753572226 70.313522339
0.741709888 0.133101985 0.657381415 2.773079872 -0.187355950 0.982212365 0.012518371 -2.686316490 -0.644021869 -0.132449299 0.753454030 70.039245605
0.741959929 0.132145181 0.657292366 2.770439148 -0.186756656 0.982315898 0.013323816 -2.668554068 -0.643907905 -0.132639438 0.753517985 69.755157471
0.741123080 0.131976962 0.658269584 2.861493111 -0.187099904 0.982245147 0.013718266 -2.632733822 -0.644771516 -0.133329079 0.752657354 69.483367920
0.731574953 0.130178213 0.669217169 3.896497726 -0.186946943 0.982279956 0.013290524 -2.662143946 -0.655628622 -0.134831145 0.742947936 69.146545410
0.731082439 0.129180208 0.669948399 3.969404221 -0.185956165 0.982465386 0.013484929 -2.695904970 -0.656459153 -0.134439647 0.742285192 68.856994629
0.731590033 0.128431872 0.669538021 3.937191010 -0.184825093 0.982679307 0.013455342 -2.749371052 -0.656213105 -0.133591235 0.742655933 68.567520142
0.731337667 0.128777221 0.669747472 3.952636719 -0.185543582 0.982540786 0.013685990 -2.706067801 -0.656291723 -0.134276420 0.742462873 68.308677673
0.731144607 0.129220620 0.669872880 3.959010124 -0.186666608 0.982320070 0.014247898 -2.625738621 -0.656188369 -0.135460153 0.742339075 68.062622070
0.731021881 0.127709940 0.670296192 4.009775162 -0.185945213 0.982436121 0.015609762 -2.581873178 -0.656529725 -0.136049464 0.741929352 67.864685059
0.717437327 0.125332519 0.685255647 5.413259506 -0.186697811 0.982290268 0.015805867 -2.537736893 -0.671138942 -0.139275447 0.728131056 67.604171753
0.696409583 0.121366359 0.707307339 7.531502724 -0.187218055 0.982191384 0.015799999 -2.514405966 -0.692793608 -0.143423989 0.706729412 67.265930176
0.694155633 0.119968362 0.709757388 7.774909019 -0.187140465 0.982185900 0.017010570 -2.453395605 -0.695072770 -0.144632280 0.704240918 67.121025085
0.682844937 0.117381372 0.721071661 8.885069847 -0.187211454 0.982165456 0.017402507 -2.430296898 -0.706169069 -0.146876112 0.692641795 66.877487183
0.664963305 0.113577187 0.738189638 10.592175484 -0.187179700 0.982169867 0.017496238 -2.426597595 -0.723040581 -0.149808496 0.674366117 66.551383972
0.656542063 0.111468881 0.746007442 11.388376236 -0.186999202 0.982198477 0.017812517 -2.417090654 -0.730741799 -0.151197463 0.665699303 66.353645325
0.655121982 0.111186281 0.747296870 11.519494057 -0.187107220 0.982176483 0.017895849 -2.408239603 -0.731987655 -0.151548609 0.664249301 66.270370483
